   2.0000000e+00   8.0127212e-02   1.1147958e+00   5.2295998e-01   3.8905851e-01  -7.7560121e-01  -6.5351795e-01   2.2745286e+00  -1.4538976e+00   1.1589664e+00  -6.0291467e-01
   1.0000000e+00   1.3708629e+00   1.1207998e-01   2.7545190e-01   5.1586916e-01  -1.0408373e+00  -1.0986789e-01   1.4128558e+00  -2.1294033e-01  -1.6791252e-01   1.2153405e+00
   2.0000000e+00   1.1116360e+00  -9.3568248e-01   1.8049484e+00  -1.3083829e+00  -2.0640997e+00  -9.4449142e-01  -1.5813240e+00   1.4904305e-01   7.9828164e-01  -1.2147065e+00
   2.0000000e+00   1.2257355e+00  -5.7703137e-01   1.1992164e+00  -1.1863028e+00  -7.8082055e-01   5.4798495e-01   9.0368909e-01   2.1478336e-01   8.4610854e-01  -6.4701763e-01
   2.0000000e+00   7.8939073e-01  -4.5884027e-01  -6.8262177e-01   2.2505687e-01  -5.2982776e-01  -1.7552950e-01  -1.0696833e+00   8.4571761e-01  -1.6191734e+00  -1.7197872e+00
   2.0000000e+00  -8.2870952e-01  -1.0705350e+00  -8.2006057e-02  -1.5746787e+00  -1.7396197e-01   3.7737585e-01  -9.9979814e-01  -2.1775881e-01  -5.8985238e-01   1.1055205e+00
   2.0000000e+00   1.8033200e+00  -5.1572148e-01  -1.6675740e-01  -1.5310936e+00  -1.5630200e+00  -8.3148196e-01   1.2500125e+00   7.9146423e-01  -1.1326095e+00  -2.9582248e-01
   2.0000000e+00  -2.2788509e+00   8.7971528e-02  -5.8511497e-01   4.7518449e-01   7.3703876e-01   1.1443600e+00  -2.5929782e-01  -1.0947205e+00   1.2665707e-01   8.0668039e-01
   2.0000000e+00  -7.9161409e-01  -9.3739387e-01   1.8469310e+00   1.1075697e+00   7.6329544e-01   1.0065501e-02  -2.7192394e-01   1.2653751e+00  -2.7416437e-01  -6.5405929e-01
   2.0000000e+00   3.6983253e-01  -1.0273501e+00  -1.8473314e+00  -5.1074552e-01   1.0032683e+00   1.8901847e+00   4.4461603e-01  -1.4623830e+00   6.5138689e-01  -7.7719368e-01
   2.0000000e+00  -2.3066163e+00  -1.1414019e+00  -5.1337114e-01  -1.0473067e+00   1.8434899e+00  -5.6783739e-01  -6.6975889e-01   5.3904014e-01   6.0344589e-01  -1.7159011e-01
   2.0000000e+00   8.4278462e-01  -5.2566147e-01  -1.5928248e+00   6.1850317e-01   9.1552938e-01  -2.3260781e-01  -3.4395899e-01  -6.3433879e-01   5.6124251e-01   1.3981909e+00
   2.0000000e+00   1.7746189e+00  -5.3732022e-01  -3.4017375e-01   1.3033855e-01  -9.1279395e-01  -2.0370213e-02   4.7762127e-01   2.1012524e-01   1.1733684e+00  -1.3921167e-01
   2.0000000e+00   1.7481584e+00  -7.8697355e-01   6.5017667e-01   1.5367977e-01   4.0583573e-01   9.5444544e-01   6.8563859e-02  -1.2246099e+00  -6.5968295e-01  -9.4983414e-01
   2.0000000e+00  -2.2817897e+00  -5.2967551e-01  -1.4775411e+00   1.8050010e+00   4.0081704e-01   6.3480761e-01   7.1943116e-01   8.5459687e-01   7.9505386e-01  -1.7423188e+00
   2.0000000e+00   1.7540302e-01  -9.2620643e-01  -4.6614023e-01   2.2167517e+00  -1.0624288e+00   3.1274384e-01  -8.3640736e-01  -3.8282683e-01   1.7935349e-01  -1.0708490e+00
   1.0000000e+00  -2.1484527e-01   5.6473029e-01  -9.4936817e-01  -6.6620468e-02  -4.8763433e-01   3.9681980e-01  -1.9818829e+00  -2.7829654e-01   3.5823656e-01   1.0207716e-01
   2.0000000e+00   1.6370624e-01  -7.6989507e-01  -1.0909511e+00  -4.4997969e-01   7.2170684e-01   1.0677252e+00  -2.5387106e-02   9.8114789e-02   1.2654592e+00   7.8546687e-01
   2.0000000e+00   1.0775970e+00  -2.4883137e-01  -9.2257527e-01   9.8084256e-01   2.1387785e+00  -7.1195663e-01   9.1309631e-01  -3.7553738e-01   7.1751335e-01  -5.1845825e-01
   2.0000000e+00   7.9700126e-01  -9.6471226e-01  -2.5138436e-01   3.0380746e-01  -8.2757634e-01  -1.9703621e-01   1.3496842e+00  -2.4937818e-01   1.1547851e+00   1.8789646e+00
   2.0000000e+00  -9.0080339e-02  -1.0405462e-01   2.4841344e-01  -9.3348452e-01   1.6166501e-01  -1.6783774e+00   2.2560822e+00   1.6980287e+00   3.4613196e-01  -3.1196135e-01
   2.0000000e+00   3.2421358e-01  -6.5257668e-01   1.2341974e-01   3.9811505e-01   2.4879671e-01   4.4379187e-01  -4.6091054e-01  -1.2864967e+00   7.1735475e-01   8.1838349e-02
   2.0000000e+00   3.2713746e-01   1.5247242e+00  -1.6016904e+00   4.9686823e-01   1.9491340e-01   2.0601422e+00   1.3221983e+00   1.5359535e+00  -5.3746935e-01   2.2206254e-01
   2.0000000e+00  -1.8445856e+00  -6.6991021e-01  -7.9403853e-01  -1.1390743e+00  -1.3286005e+00  -1.2455042e+00   1.9373226e+00   9.2565208e-01  -7.4167039e-01   1.1761884e-01
   2.0000000e+00  -1.2095769e-01   8.4026460e-01  -4.4048776e-01  -6.6223752e-01   2.4980461e-01  -4.4620410e-01  -2.8699893e-01   7.6496368e-01  -4.4126119e-01   4.7409999e-01
   2.0000000e+00  -2.2847227e+00  -1.5291426e+00  -6.7152861e-01  -1.7841995e+00  -2.4364735e-01   1.4738087e-01   1.8176541e-01   5.6885195e-01  -1.9487595e+00  -7.2911421e-01
   2.0000000e+00  -9.8003941e-01   1.8703724e+00   1.3746032e+00  -2.3511876e+00   1.9324353e-01   2.2021466e-01  -2.3922692e-01   3.6533407e-01  -1.1088972e+00   1.2102091e-01
   1.0000000e+00   1.6924668e-01   6.4681007e-01   6.9618377e-01  -3.1414308e-01  -2.1331126e-01  -3.3433567e-01  -1.7625239e+00  -5.1757390e-01  -1.3132230e+00  -9.7697662e-01
   2.0000000e+00   7.1295906e-01   4.2379054e-01   1.2302519e+00  -9.3681700e-03   7.2381847e-01  -8.5385182e-01  -2.3851974e+00   5.0086706e-01   6.8139483e-01  -4.4421698e-01
   1.0000000e+00  -4.9328856e-01   6.0779476e-01   3.5183488e-01  -6.4464671e-01   1.7700658e-01   2.5560941e-01  -3.9171518e-01   1.4166250e+00   1.4274433e+00  -2.2653666e-01
   2.0000000e+00   3.2882903e-01   1.1519939e+00  -9.2424861e-01  -1.1360488e+00   1.0183360e+00  -3.2144674e-01  -1.2379348e+00   2.6180040e-01   1.1504869e+00   8.6410494e-01
   2.0000000e+00  -9.9008417e-01  -1.1048517e+00  -1.1214136e+00  -6.6958717e-01   5.8336958e-01   9.4748085e-02  -9.3776220e-01   8.1764767e-01  -4.4964972e-01  -8.0966411e-01
   2.0000000e+00  -8.9998812e-01  -1.7346494e+00   1.7744732e+00   5.2234118e-01   1.8257502e+00  -4.4933642e-01   2.9583179e-01  -9.1864422e-01   8.4623806e-01   4.6625284e-01
   2.0000000e+00   1.5056115e+00   1.0433436e+00   1.1974760e+00  -4.0577874e-01  -1.2095245e+00  -9.5449413e-01  -4.0720999e-01  -5.4837830e-01   2.5225390e-01  -1.0837838e-01
   2.0000000e+00   1.6361944e+00   9.4369289e-01   1.0843356e+00   6.2807796e-01   1.2507902e+00  -1.2706492e+00  -1.1648135e+00  -5.5573720e-01   1.2988636e+00  -7.9748418e-01
   2.0000000e+00  -7.6126020e-01  -5.2013343e-01  -7.0471611e-01   2.4164637e-01   9.9806993e-01  -3.2255734e-02   1.5647635e+00  -9.2800870e-01   1.3226325e+00  -8.7715366e-01
   2.0000000e+00   1.0005810e+00   1.0579077e+00  -4.0848000e-01   3.9854392e-01   2.5698897e-02   8.9142425e-01   2.8958939e-01  -1.3741916e+00  -1.7204098e+00   8.0880928e-01
   2.0000000e+00  -9.1331041e-01  -1.0477862e+00  -2.5009832e+00   8.4704408e-01   6.6468626e-01   9.8442925e-01   1.0557058e+00  -4.1264555e-01  -9.9524932e-01   1.2027860e+00
   1.0000000e+00  -1.3998172e+00   7.1780664e-01  -1.0729894e+00  -5.2593341e-01  -2.1688927e+00   3.1903661e-01  -3.8400688e-01   9.1544203e-02  -2.7323759e-01  -1.5488577e+00
   1.0000000e+00   1.3025035e+00   1.7660903e-01   3.5308554e-01  -1.1489373e+00  -1.5483360e+00  -8.2416274e-01  -4.4099272e-01  -1.9076716e+00   7.8386921e-01   5.9404724e-01
   1.0000000e+00  -6.7987444e-01   1.8299249e-01   1.1253814e-01  -2.7019470e-01   6.9846141e-01  -6.4525043e-01  -1.2696474e+00   1.8561058e+00  -1.6917719e+00  -1.7864553e+00
   2.0000000e+00   1.2546421e+00  -8.4091516e-01  -4.7835042e-01  -2.9142364e-01   9.6325577e-01   1.2129408e+00  -7.1800226e-01  -1.2727215e+00  -1.5929387e+00   1.4266046e+00
   2.0000000e+00  -4.7998177e-01  -2.0096289e+00  -5.0425163e-01   2.3085878e-01  -8.9616439e-01  -1.0855670e+00   9.7322827e-01   6.0236180e-01   7.3555361e-01  -2.5791731e+00
   2.0000000e+00  -1.6063721e+00   4.8668682e-01   5.1907996e-01   1.0862136e+00   4.4322913e-01  -1.5104976e+00   2.2134571e-01   6.6432224e-01  -2.7689805e-01  -4.4965108e-01
   1.0000000e+00   4.4652543e-01   3.5679939e-01  -2.7682943e-01  -3.7223169e-01  -1.7452528e+00   2.8142033e-01  -9.0420682e-02   3.8858183e-01   6.1267284e-01   5.4162684e-01
   1.0000000e+00   1.2675624e+00   3.7788578e-02  -9.4282598e-02   1.3081868e+00   8.7094900e-02   4.1940231e-01   4.2775873e-01  -9.3631421e-01   1.9869545e+00  -2.7856262e-02
   2.0000000e+00   4.0398114e-01  -8.9480189e-01  -5.0015180e-02  -1.8194181e+00   8.2549372e-01   5.8162238e-01  -1.3134960e+00  -4.1452908e-02   1.4066109e-01  -1.2076638e+00
   2.0000000e+00  -4.0903328e-01   1.5419770e+00  -9.1401789e-01   2.0595034e+00   8.4259085e-01   5.6352199e-01  -2.0592566e-01   1.0753457e+00  -3.0408406e-01  -7.3042331e-01
   2.0000000e+00   2.2882329e-01  -9.8488815e-01   1.0159833e+00  -7.1680993e-01  -1.2515963e+00   1.1226567e+00  -1.0923534e+00  -1.4590279e+00  -1.8518815e+00  -5.5834910e-01
   2.0000000e+00   1.1825994e+00  -1.4739781e+00  -4.0475691e-01  -1.3587581e+00  -4.5121557e-01   1.3026823e+00   1.3897177e+00   8.0284096e-01  -5.5133254e-01   5.7455693e-02
   2.0000000e+00  -3.7935890e-03   1.2450276e+00   7.3057482e-01   6.3318804e-01  -8.4707024e-01  -6.3746326e-01   6.1839104e-01   2.6453888e-01  -8.6511632e-01  -1.0858303e-02
   1.0000000e+00  -1.4379428e+00   3.3716448e-02  -4.8392818e-01   2.6396995e+00   1.1016243e+00   8.0786116e-01   8.7971910e-01   2.2403056e-01  -3.4723372e-01  -4.7790991e-01
   2.0000000e+00  -1.6980077e+00   6.0884231e-01  -1.0340067e+00   2.3177558e+00  -3.0167309e-01   1.6430476e+00  -5.7191446e-01  -7.2459172e-01  -5.5082180e-01   3.0646039e-01
   1.0000000e+00   6.4277621e-01   6.4643709e-01   9.0396834e-01   1.5221695e-01   4.7116555e-01   3.9020682e-02   1.3960975e+00  -3.8032755e-01   8.3089744e-01  -1.5685234e+00
   2.0000000e+00  -1.3146603e+00  -8.6969861e-01   5.1759378e-01   3.9338501e-02   2.6505227e+00  -3.0128214e-01   1.0051876e+00  -1.1477372e-01   1.8394564e+00   9.4749008e-01
   1.0000000e+00  -8.0754320e-01   1.2541353e-01   1.0257437e+00  -1.7825077e-01  -5.4325969e-02  -7.7588475e-01  -3.6603329e-01  -7.7404088e-01  -6.7572193e-01  -3.6813991e-01
   2.0000000e+00   5.7946262e-01  -1.1080948e+00  -7.6833444e-02   8.2559999e-01  -6.6211803e-01  -9.8702318e-01  -1.2096434e+00  -7.3347054e-01  -5.0794153e-01   2.8994600e-01
   2.0000000e+00   6.9020644e-01   1.1294932e+00  -2.5136129e-02  -7.8422447e-01   1.6554616e+00   1.1574400e+00  -6.8281400e-01   3.3605292e-01   7.2918005e-01   1.7391725e+00
   2.0000000e+00  -1.1066880e-01  -1.3852362e+00  -2.6251157e-01   2.8766000e+00   5.5263127e-01   1.6934928e+00   4.9090518e-01   1.1894652e-01   1.8612747e+00   1.4541636e+00
   2.0000000e+00   1.1638247e+00   7.8984981e-01  -5.1137867e-01   1.1225251e-01  -9.2813127e-01  -1.5056466e+00   5.0191189e-01  -4.6177948e-01   1.8460966e+00   3.7059102e-01
   2.0000000e+00   8.0311718e-01  -2.8675824e-02   3.2424706e-01  -8.8438243e-01  -6.5250020e-01   5.2498417e-01   1.3643141e+00   1.4323900e+00  -1.3930986e+00   6.3449687e-01
   2.0000000e+00   6.2488404e-01  -2.7613503e-01   2.2463186e-01  -6.8483350e-01  -1.5707274e+00  -3.1980277e-01   1.4988262e+00   1.4417655e+00   2.6361136e-01   6.1403745e-01
   2.0000000e+00   1.4140255e+00   5.9704839e-01   5.1102253e-01  -5.1098747e-01  -1.4336307e+00   7.9169288e-01   1.4944095e+00   8.1589442e-01  -3.4668363e-01  -1.0555430e-01
   2.0000000e+00   2.5866642e+00  -1.6577989e+00   1.7611100e+00   1.0892757e-01  -1.0373827e+00  -1.2961377e+00  -2.7155722e+00   3.1414597e-02  -4.1398050e-01   1.9577845e-01
   2.0000000e+00  -1.9055589e-01  -1.1175074e+00  -8.2885841e-01   6.9930739e-01   1.2325337e+00  -7.5003618e-01  -1.6904899e-01   8.3340509e-01  -3.8183920e-01   4.5817344e-01
   2.0000000e+00  -1.3796243e+00   4.7263142e-01  -5.4109783e-02   1.7459437e+00  -3.2938754e-01  -1.5539913e+00  -3.1237802e-01  -8.5974145e-01  -1.8513660e+00  -3.1742655e-01
   2.0000000e+00  -1.4736138e+00  -1.6343683e+00   2.4772544e-01  -1.6494820e+00   5.7195787e-01  -1.4130560e+00   1.2090537e+00   8.7826530e-01  -3.5746866e-01  -6.0075049e-01
   2.0000000e+00   2.7167584e+00  -1.6847569e+00  -8.7031022e-01  -4.1619342e-02   1.8551691e-01   1.0030607e+00  -8.3166092e-01  -8.1121728e-01  -7.6377118e-01   1.0774137e+00
   2.0000000e+00  -1.1842375e-01  -7.3199869e-01  -6.9550128e-01  -3.2085127e-01  -2.2006499e+00  -4.2270371e-01  -1.8214357e+00  -1.3905227e+00   1.0413286e-01   4.8141892e-01
   2.0000000e+00  -4.5550742e-02   3.5060299e-01  -7.0316370e-01  -2.0430017e+00  -8.9245140e-01   8.3895486e-01  -9.8841839e-02  -2.6674710e-01  -1.0021813e+00  -1.0682016e+00
   2.0000000e+00  -1.4946254e+00  -7.4021040e-01  -1.6619984e+00  -1.5759427e+00   4.2558630e-01   4.7355939e-01   5.9369652e-02  -2.5660183e-02   9.4557120e-01  -9.6253704e-01
   2.0000000e+00  -3.3844249e-01   6.0584203e-01   1.2025559e+00   1.6918619e-02   4.9375218e-01   8.0956126e-01  -1.5627593e+00  -1.9489419e+00  -4.0163878e-01   7.8214629e-01
   2.0000000e+00   1.9141668e+00  -7.1226748e-01   5.1906827e-01  -1.4382496e+00  -1.5556098e+00   8.1378925e-01   1.8491150e-01   6.6387911e-01   2.1192497e+00  -5.3655692e-01
   2.0000000e+00   1.8356874e+00   6.9110385e-01   2.4298698e+00  -8.9131369e-01   5.5140029e-01   2.1102298e+00   5.3085971e-02  -2.1127202e-01   6.0250559e-01   1.9384613e-01
   2.0000000e+00   5.2517124e-01  -1.0840907e+00  -1.1026476e+00  -3.5523498e-02   1.4548378e+00   1.4601729e+00  -9.0429330e-02   1.2210918e+00  -9.3863875e-01   5.3524525e-01
   2.0000000e+00   2.0894896e+00  -1.9557641e+00  -6.3317890e-02   2.3095511e+00   7.7013764e-01   8.0053109e-01  -8.7145116e-01   7.5267246e-01  -7.7815720e-02   1.0706547e+00
   2.0000000e+00   1.4146155e+00   1.6740462e+00  -1.5751399e+00  -8.6340643e-01   1.9809844e-01   1.1255021e-01  -4.6729494e-01   2.4349081e+00   3.2664934e-02  -1.1653581e-01
   2.0000000e+00  -3.4081206e-01   1.5763213e+00  -8.1794755e-01  -1.2810660e+00  -1.5365743e+00  -9.4031493e-01   1.2323196e+00   1.9073444e+00  -3.2553293e-01   1.2902150e+00
   2.0000000e+00  -4.3728401e-01   1.1559763e+00   4.4028524e-03  -4.6112805e-01   5.3700465e-01  -2.1405815e-01   2.0996503e+00  -8.5610416e-01   1.1920819e-01  -2.7792668e-01
   2.0000000e+00   3.7138825e-01  -9.7653933e-01   1.0377622e+00   5.6648466e-01  -8.0091038e-01   1.0270470e+00   5.0211951e-01   3.9098140e-01  -7.7216222e-01   5.8446267e-01
   2.0000000e+00  -1.4313172e+00  -1.3158958e+00   8.0708240e-01   7.3233112e-01  -2.3439297e-01  -7.5771323e-01  -6.7849290e-01  -7.9270087e-02  -2.5352969e+00  -8.3150440e-01
   2.0000000e+00   3.5190983e-01   1.5682472e+00   1.1302726e+00   1.2417539e-01  -1.2081116e+00   1.1126295e-01   4.2149194e-02  -1.2702088e+00   2.6493296e+00   3.9714380e-01
   2.0000000e+00   8.0810286e-01  -7.5320506e-01   1.3940370e+00  -1.5705568e+00   3.5833760e-01  -6.2934505e-01   3.5738782e-01  -7.8063237e-02  -1.0914095e+00  -8.1504249e-01
   2.0000000e+00   3.9668181e-01   5.2012592e-01   5.8049858e-01  -1.4243356e+00  -1.0816028e+00   5.0593630e-01   5.3473124e-01   2.3116082e+00  -1.7098992e-01  -5.4303551e-01
   2.0000000e+00   1.0436866e+00  -3.4893575e-01   1.3930604e-01   4.5101198e-01   5.7996406e-01   1.1985899e-01   1.2191921e+00  -1.1520490e-01  -7.1879710e-02   9.8192688e-01
   1.0000000e+00   1.4284909e+00   4.7997488e-01   1.2169077e+00   1.2570230e+00   2.9190963e-01   6.4741268e-01  -1.1114692e+00  -1.2150888e-01  -1.3370546e-01  -9.6621485e-02
   2.0000000e+00  -5.3541698e-01  -8.3343792e-01  -3.7617726e-03  -3.1689143e-01  -1.8039242e+00   6.1264304e-01   2.5287865e-01   8.8586888e-01  -3.3242331e-02  -1.8230279e+00
   1.0000000e+00  -1.0771095e-02   4.5312379e-02  -6.0506305e-01   7.3689195e-01  -6.0385409e-02   2.7039781e-01  -4.1338185e-02   4.8182553e-01   1.9912059e+00  -1.6758104e+00
   2.0000000e+00   1.1859102e+00  -2.0674284e+00   6.9511483e-01  -1.5607210e+00  -2.6247329e-01   7.1078055e-01  -2.8971408e-01  -1.1085602e+00   3.0022562e-01   2.3039583e+00
   2.0000000e+00  -1.4558126e+00   7.9013009e-01   5.1862191e-01   1.8921969e-01   2.4583667e+00   7.3186297e-02  -1.9885868e+00  -2.2586603e+00  -1.4410440e+00  -4.8080363e-01
   1.0000000e+00   4.4181820e-01   3.4203596e-01  -8.9546734e-01  -2.5718628e-01  -9.7637310e-01   2.3109687e-01  -7.4350451e-01   1.8118793e+00  -4.4611965e-01  -8.0786853e-01
   2.0000000e+00  -6.6777373e-02  -3.3964597e-02   1.3377934e+00  -1.0009639e+00  -4.7535419e-01  -8.3659764e-01  -1.1145998e+00   1.9831018e-01   2.3423896e+00   5.6836424e-01
   2.0000000e+00   1.8123549e+00   2.1326023e-01  -1.6118477e+00   7.5750881e-01  -1.3972828e+00  -1.1360407e+00   8.0886744e-02   2.7684479e-01   9.7309851e-01  -5.2833261e-01
   2.0000000e+00  -1.2151075e+00   7.8987304e-01  -3.7538468e-01  -1.0421580e+00   1.3083391e+00  -1.2432693e+00  -9.3195999e-01   1.7299151e-01   7.8549256e-01  -1.0467128e+00
   2.0000000e+00  -7.9486937e-01  -1.3540303e+00   1.3298721e+00  -6.2254659e-01   2.0000370e+00  -2.5592242e+00   1.0202056e+00  -2.3798961e-01  -2.5642612e-01  -1.2116856e-01
   1.0000000e+00   1.7072685e+00   3.8790189e-01  -1.1160501e+00   9.6836817e-01  -1.3413823e+00  -2.5554920e-01  -4.7382655e-02  -4.1391090e-02   2.3167305e+00  -1.9314011e+00
   2.0000000e+00  -9.9016770e-01   1.1875103e+00  -9.7411758e-01   8.5813417e-01   1.7223234e+00  -1.4791807e+00   1.4631566e+00   2.5407450e-01  -1.3174201e+00  -7.9835681e-01
   1.0000000e+00   7.0699350e-01   1.7307452e-01  -8.2935654e-02  -2.1453218e-01  -1.6324505e+00   6.9966137e-02   1.6492806e+00  -1.7524759e+00  -8.3341618e-01  -7.2516609e-01
   2.0000000e+00  -4.7501482e-01  -7.7211633e-01   5.5722641e-01  -6.1305132e-01  -1.7949526e+00  -1.4601169e-01  -4.4428267e-01  -8.2832880e-01   9.1403385e-01  -1.0672943e+00
   1.0000000e+00   2.6197330e+00   9.5661948e-02  -8.2350972e-01   1.9064739e-01   2.0411616e-01  -5.6961605e-02  -1.4325750e+00   5.2016075e-01  -8.2714674e-02  -2.5685204e-01
   1.0000000e+00   3.1151605e-01   4.8529340e-01   1.9606938e+00  -1.2566302e+00   2.6101957e+00  -2.9010115e-01  -1.8424308e-01  -4.9012477e-01   4.2037719e-01  -3.5927602e-01
   2.0000000e+00  -1.0285636e+00  -6.5994707e-03   1.4151306e-01   3.5961100e-01   3.5025164e-01  -6.6577435e-02   4.9430278e-01   6.2076203e-01  -2.8046383e-02  -2.1875762e+00
   2.0000000e+00  -7.3467077e-01  -8.2475945e-01   8.3301697e-01   1.2302351e+00  -1.4374944e+00  -3.8768182e-01  -7.7218264e-01   1.5173539e-01   3.8451449e-01   1.0688190e+00
   1.0000000e+00   3.9918912e-01   3.3046605e-01  -1.6269827e-01  -8.1245524e-01  -3.2269722e-01  -1.4816636e-01  -1.1967902e+00   1.4353714e+00   5.8644989e-01  -1.3171920e-01
   2.0000000e+00  -9.7054375e-02  -1.8503970e-01   6.6964969e-01  -5.4728550e-01  -6.2457172e-01  -1.4805861e+00  -2.2685698e-01  -3.0396116e-02  -4.7582797e-01  -2.8952876e-01
   2.0000000e+00   3.7698127e-01  -2.6309986e+00  -4.0668593e-01   8.5534641e-01  -1.2330540e+00   1.0233571e+00  -9.0973650e-01  -2.2952569e-02  -6.5748986e-01   1.1202641e-01
   1.0000000e+00   1.2986343e+00   3.2358689e-01   2.8930310e-01  -9.6993318e-01  -1.0479622e+00   3.0749146e-02   1.6744812e+00   4.7516222e-02   6.4884529e-02  -4.0501063e-01
   2.0000000e+00  -1.3412733e+00  -5.6804740e-01  -6.9923320e-04   6.1042650e-01  -1.6050841e-01   4.1626155e-01   1.4302447e+00  -1.8019762e+00   1.3849782e+00  -9.4832436e-01
   2.0000000e+00  -2.2068839e-01   4.2706675e-02  -1.4423561e+00   1.4685533e+00  -1.9552036e-01   1.2205701e+00  -1.1000065e+00  -1.0795630e-01   2.4290215e-01   2.0113858e+00
   2.0000000e+00   8.6143674e-01  -1.8328297e-01   1.4198453e+00   3.6774925e-01  -8.5321445e-04  -2.0620110e+00  -2.4928725e-01   1.1974977e+00  -3.6507564e-01  -9.6361237e-01
   2.0000000e+00  -1.0361422e+00  -7.0553769e-01   4.1525966e-01  -5.3050324e-01   1.6454581e+00  -9.7600524e-02   1.9067898e+00  -4.2314177e-01   5.4358284e-01  -5.4902911e-01
   2.0000000e+00  -1.1140236e+00  -6.5250229e-01  -1.6996832e+00  -3.1591329e-01   9.8948809e-01  -6.4385701e-01  -1.5419421e+00  -1.1139451e+00   7.0235396e-01   1.9210903e+00
   2.0000000e+00  -1.7182422e+00  -9.4008315e-02   3.1747769e-02  -4.5983362e-01   1.4106159e-01   1.4173386e-01   5.5952385e-01   8.1062784e-01  -4.1113139e-01  -7.8689963e-01
   2.0000000e+00  -1.0493977e+00   1.3588684e+00  -8.0056156e-02  -8.9103148e-01   8.5725035e-01  -3.7844780e-01  -8.4486699e-02  -3.2545906e-01   2.3226035e-01  -1.7905047e-01
   2.0000000e+00  -8.9055729e-01  -8.4927527e-01  -1.4721041e+00  -9.8764545e-01   2.1179817e-01  -7.2961708e-01  -2.3415370e-01  -8.1116297e-02  -1.4458301e+00   8.7783517e-01
   2.0000000e+00   3.1230665e-01   1.2540603e+00   5.6518042e-01   7.5857671e-01   1.0430017e+00   1.0834699e+00   1.2932150e+00  -4.9631189e-01  -5.7686348e-01   9.1515043e-01
   1.0000000e+00  -1.3397958e+00   3.0229703e-01  -3.2911461e-01   2.1890854e+00  -1.0989472e+00  -7.6098607e-01   1.6362565e-01   5.1037072e-01  -8.7042000e-01  -8.9514780e-01
   2.0000000e+00   1.4626936e+00  -2.8752097e-01   9.4999703e-01   6.6422284e-01   5.1293423e-01  -3.1603610e-01   2.1466707e+00  -2.1287875e-01   5.8477860e-02   9.1191484e-01
   1.0000000e+00   3.8084107e-01   2.0915935e-01  -6.0222397e-01  -2.4157349e-01  -1.0508530e+00  -3.6130417e-01   7.8146184e-01  -1.9675335e+00   1.6321360e+00  -7.1215183e-01
   2.0000000e+00   1.0975910e+00  -7.0174084e-01  -3.1713345e-01   5.5424382e-01   8.3280352e-01   1.5762304e+00   1.6935223e+00  -1.1383433e+00  -6.2350087e-01  -1.8803203e+00
   2.0000000e+00  -2.6685790e-01   1.2614153e-01  -1.0107262e-01  -3.3900422e-01  -3.4350827e-01  -1.5808237e+00   8.7895487e-01   1.8117121e+00   5.5242902e-01   6.4649022e-01
   2.0000000e+00  -3.4299249e-01  -1.0926331e+00  -1.0179967e+00  -9.7702256e-01  -1.3390578e+00   3.7739157e-01  -6.0389948e-01  -4.5630586e-01  -1.1471169e+00  -1.6003461e+00
   2.0000000e+00   9.1218989e-02  -1.8507775e+00   3.3953093e-01   2.6909297e+00   1.9533747e-01  -1.7153742e+00  -3.3588405e-01   1.4860969e+00   1.0085534e+00   1.0781781e+00
   1.0000000e+00   2.0098859e+00   2.7028231e-01  -9.6057672e-01  -7.4771532e-02  -7.6285378e-01   1.1646145e-01  -8.6249390e-01  -1.3926247e-01  -8.6543458e-01  -1.5759734e+00
   2.0000000e+00   9.7261844e-01  -5.1176427e-01  -7.7928321e-01   2.3250941e+00   5.0314853e-01  -1.3115260e+00  -3.7434789e-01   7.4086366e-01   5.5772053e-01  -1.3194360e-01
   2.0000000e+00  -6.8392918e-02  -6.8329942e-01   6.0344884e-02  -1.1983218e+00   2.0213920e-01   3.0136562e-01  -7.5938537e-01   1.0762683e+00   8.1435786e-01   7.0397808e-01
   1.0000000e+00  -1.1439623e+00   4.5225954e-01   1.1951654e-02   5.3276068e-01  -3.5059730e-02  -6.9321084e-01  -9.3727580e-02   5.7547873e-01  -1.6193723e+00   1.3574136e+00
   2.0000000e+00  -8.6084754e-01  -7.9529284e-01  -3.2898966e-01  -4.3488580e-01   3.7708430e-01   9.8001350e-01   6.2658545e-01   1.4327727e+00  -8.9604908e-01  -1.1921968e+00
   2.0000000e+00  -5.7857491e-01   1.0889550e-01   5.7960758e-01  -1.7132293e-01  -1.2734785e+00   2.2361207e-01   2.3446744e-01  -2.7220803e+00  -3.9757098e-01  -9.0208191e-02
   2.0000000e+00   2.9963724e-02   8.7182393e-01  -8.0922040e-03  -3.4390017e-01  -3.9288677e-01   8.9840569e-01   7.9925139e-01   6.5172835e-01  -5.4164347e-01  -2.0736670e-01
   2.0000000e+00   2.0925725e+00  -1.7258914e+00  -2.0533877e-02   2.6207885e-01   4.6563019e-01  -3.0036407e-02  -8.5683971e-01  -5.4681705e-01   7.0829413e-01  -3.1071537e-01
   2.0000000e+00   2.7919170e-01  -8.4062462e-01   5.0581100e-01  -9.1033859e-01  -1.1231360e+00  -9.1705644e-02   1.0855064e+00   8.7179951e-01  -1.0914316e+00  -1.2574375e+00
   2.0000000e+00  -6.6896573e-01   1.5049872e+00   1.4876116e+00   1.1842389e+00  -8.3436989e-03   7.1347863e-01   1.7543410e-01   1.4426288e+00   1.0265707e-01  -1.7693214e+00
   1.0000000e+00   6.3254152e-02   4.8629673e-02   2.8732579e+00   2.4421122e-01  -4.7709047e-01   5.7273606e-01   9.7356491e-01  -1.1793342e+00   4.7062605e-01   4.0760396e-01
   2.0000000e+00  -2.2140595e-01  -8.2259962e-01  -1.1348985e+00   5.4607989e-01   1.6067697e-01  -8.0494249e-01  -6.4166227e-01  -1.4969328e-01  -1.8945597e+00   9.4149845e-02
   2.0000000e+00   1.7228708e-01  -3.3176767e-01  -1.4607950e+00   9.3354435e-01  -6.6155845e-01  -9.8271696e-02   1.2574967e+00  -9.3812885e-01  -1.7358419e+00  -1.5499839e+00
   2.0000000e+00   2.1340717e+00   1.1466295e+00   1.1126562e+00  -7.0552075e-02   8.8473735e-01   3.0080709e-01  -8.3916057e-01  -2.2708873e+00  -1.3189396e+00   1.4430306e+00
   2.0000000e+00   5.7023740e-01  -1.4872685e+00  -1.0011960e+00   9.2507837e-01   3.3450643e-01  -6.5231885e-01  -1.9365790e-01   9.4643534e-01  -4.7673584e-01   1.4998511e+00
   2.0000000e+00  -1.6827237e-02   9.5577357e-01   6.2369883e-01  -2.9415597e-01  -5.9532453e-01   7.3778178e-02   5.5311705e-01  -1.2219569e+00   1.4566901e-01  -1.4281786e+00
   2.0000000e+00   9.9333406e-01   2.9629403e-01   6.1626483e-01  -1.5350107e+00  -9.5244859e-01   1.8623517e+00  -2.1441579e-02   1.0060616e+00   1.4934744e+00  -2.6776405e-01
   2.0000000e+00   8.7206317e-01  -2.0147434e+00   3.6475761e-01   1.0960756e+00  -2.4916166e-02  -4.8705729e-01  -2.6360238e-01  -6.4490294e-01  -6.3638507e-01   2.5391787e-01
   2.0000000e+00   7.7915381e-01  -1.1872994e-01  -1.0027338e+00  -6.7424719e-01  -5.9658524e-01  -1.0679092e+00   6.7359683e-01   2.0088941e+00   2.5237998e+00   1.4246241e+00
   2.0000000e+00  -1.1047251e+00  -9.6718656e-01   4.0743749e-01   1.6822915e+00  -6.9660486e-01  -8.1409204e-01   1.1757210e-01   1.2139161e+00   9.2729204e-01  -1.1352730e+00
   2.0000000e+00  -1.3798495e+00  -1.1758950e-01  -1.1480668e-01  -1.7667077e+00  -7.6327544e-01  -8.1751480e-01  -1.0065946e+00   4.3578558e-01  -2.0104000e+00  -5.4264191e-01
   2.0000000e+00  -1.3723320e-01   1.5667526e+00   4.3903097e-01  -1.7569943e-01   5.8699423e-01  -1.1732224e+00   4.3937699e-01   5.8860517e-01   1.3706584e-01   1.0128475e+00
   1.0000000e+00  -3.2304180e-01   6.7531477e-01   6.8811342e-01  -9.1491122e-01   3.2306326e-02   2.2806198e-02   3.8415717e-01   4.5054111e-01   1.2175419e+00   4.8742527e-02
   1.0000000e+00  -5.1149660e-01   5.1143990e-01  -3.8053146e-01   1.2737118e+00   1.4358908e+00   3.5866213e-01  -1.6072452e+00   1.2012580e+00   1.4448700e+00   1.2976072e+00
   1.0000000e+00  -1.1292048e+00   4.7977653e-01   4.2340345e-01  -1.0602914e+00   2.3600119e-01  -4.2832678e-01  -1.0522642e-02  -5.1691105e-01   5.2765844e-01  -1.5568183e+00
   2.0000000e+00  -2.9466825e-01  -2.1026823e+00  -3.8599563e-01  -1.3123205e-01  -1.1979256e+00  -1.0376824e+00   9.4146247e-02   1.0472743e+00  -3.5125208e-01  -2.6097179e+00
   2.0000000e+00   5.5513450e-01  -6.4986546e-01  -2.0155515e+00  -5.9525979e-01   7.8894288e-01  -4.4647164e-01   2.6835727e-01   2.0744925e+00   1.6350059e-01  -3.4557377e-01
   2.0000000e+00  -1.5257167e+00  -2.1186151e+00  -3.4823385e-01   1.0057644e+00   7.9045335e-01   1.3248425e+00   7.8098648e-01  -1.3266686e+00   3.3598248e-01   1.3561259e+00
   1.0000000e+00   1.7751050e+00   6.9177950e-01  -6.1669125e-01   4.5646763e-01   2.7212236e-01   3.2307447e-01   1.2244679e-01   9.5422680e-01  -1.9106693e+00   1.4041775e+00
   2.0000000e+00  -2.2334680e-01   1.2727472e+00   7.2465389e-01   1.4755199e+00   1.8233759e+00   8.3748850e-01  -6.0065009e-01   1.6513852e+00   4.9042331e-01  -1.5235881e-03
   2.0000000e+00   8.2499813e-01  -3.7797148e-01   6.4264531e-01  -5.0574304e-01   2.7222470e-02   6.1656777e-01  -1.6828703e+00  -2.3913779e-01   6.6080820e-01   5.8070590e-01
   2.0000000e+00   1.3227777e+00  -1.7155028e+00  -3.8199157e-01   8.1332717e-01  -2.6217637e-01   9.6655123e-02  -1.3863090e-01   9.7570511e-01  -1.8730172e+00  -1.2964326e-01
   2.0000000e+00   1.3779207e+00   8.8719609e-01   1.1865385e+00   9.8629523e-02   1.3283087e+00   1.0706347e+00  -5.2722743e-02   5.9561569e-01  -4.0387533e-01   1.4278691e+00
   1.0000000e+00   2.3869317e-01   3.4947901e-01  -2.7222932e-01   3.6711940e-01   9.1678772e-01   5.3844357e-01   5.4200796e-01   3.3706193e-01   2.2978548e-01  -9.8854222e-01
   2.0000000e+00  -1.5974091e+00  -2.8368756e-01   1.1033904e+00   1.3244386e+00   1.5275348e+00  -1.4843009e+00   1.9147486e+00   1.5837696e+00   1.6565778e-01  -1.5996377e+00
   2.0000000e+00   1.4146398e-01  -8.6567850e-01  -1.3634637e-01   3.6765605e-02  -1.5518619e+00   4.3889877e-01   1.9076373e+00  -5.6574999e-01  -7.7124224e-01  -7.5381225e-01
   2.0000000e+00  -1.9678108e-01   7.0666789e-01  -1.5357597e+00  -1.2727113e+00  -1.4925559e+00   1.2162010e+00  -9.6869146e-01  -1.7719201e+00  -4.7033772e-01   7.4189415e-01
   1.0000000e+00  -9.4390942e-01   3.0719445e-01   2.0987691e-01  -1.9329035e+00   7.7869803e-01  -3.3065708e-01   2.8029792e-01  -5.2365587e-01  -5.0169749e-02  -4.2742056e-01
   2.0000000e+00   5.8028351e-01   8.2094921e-01  -1.0003545e+00  -8.2735479e-01  -5.6771113e-01   6.3748487e-01  -1.4305081e+00  -6.8098143e-03   1.7989395e+00  -1.0155736e+00
   2.0000000e+00  -8.9409804e-01   1.5378414e+00  -9.1712905e-01   2.0096709e+00  -5.1174037e-02   2.1435075e+00   1.3635449e+00  -8.2498090e-01  -1.9488074e+00   7.0835200e-01
   2.0000000e+00   1.6649606e+00   1.1374714e+00  -3.5036776e-01   1.7453039e+00  -6.6155542e-01  -8.7141423e-01   5.7376047e-01   5.4210693e-02  -2.2574246e-03  -5.0252626e-01
   2.0000000e+00   1.3070481e+00  -2.0082215e-01   8.9482342e-01  -6.5771296e-01  -1.0473998e-04   2.2524100e-01   1.0158982e+00  -1.1194419e+00   1.4189603e-01  -1.5961863e+00
   1.0000000e+00  -1.5916572e+00   6.2035867e-01  -2.1567209e-01   9.9436369e-01   6.2755398e-01   4.8944140e-01   1.6281200e+00  -1.1208273e+00   7.7206930e-01  -5.1846751e-01
   2.0000000e+00   1.0722685e+00  -8.1535128e-01  -1.5361355e+00  -1.1437785e+00  -4.5800237e-01  -2.1168743e-01  -3.3385910e-01   1.2216626e+00   9.0842572e-01   1.5507287e+00
   2.0000000e+00   7.4537934e-01  -1.0467483e+00   9.9834111e-01  -8.0683924e-01  -2.2804034e-01  -1.6670646e-01   7.9382866e-01   2.5884077e-01   1.3814832e+00   1.4920016e+00
   2.0000000e+00   4.5403695e-01  -1.1475358e+00   5.5401359e-01  -1.0266140e-01  -5.0845505e-01   1.6249458e+00  -1.1707536e+00  -1.0335381e+00   2.0174191e-01   1.5183057e+00
   1.0000000e+00  -2.1006264e-01   1.0007300e-01  -1.6746271e-01   1.4924643e+00  -1.2065752e+00   2.0511724e-01  -9.4755756e-01   7.5308987e-03   2.6915904e+00   1.3185245e+00
   2.0000000e+00  -8.6264745e-01  -1.0479641e+00  -1.1011122e+00   3.7765620e-01  -5.1474771e-01   1.0277524e+00   3.3630011e-01  -3.8609474e-01   2.4188738e-02  -6.2921912e-01
   2.0000000e+00   1.6373501e+00  -6.9437022e-01   1.1156323e+00   1.1013148e+00   2.0695985e-01  -3.7929483e-01  -3.0067611e-01   6.3746555e-01  -6.4554960e-01  -1.8622908e+00
   2.0000000e+00   1.0892145e-01  -1.3576864e+00  -1.0650056e-01   2.6404653e-03  -5.1993704e-01   4.4376158e-01   5.7539849e-01   5.5742741e-01   1.4871068e+00   1.2769763e+00
   2.0000000e+00   5.0388196e-01   1.0742794e+00   3.9946770e-01  -3.1803754e-01  -1.2987273e-02  -3.4767679e-01   5.2252057e-01   1.1854816e+00   1.4335510e-01   1.0632128e+00
   1.0000000e+00  -1.5309160e-01   2.2275777e-02   3.5084861e-01  -8.0401255e-01  -1.0426111e+00  -7.9568240e-01  -5.0970615e-01   6.7563885e-01   2.4944577e-01   4.9694186e-01
   2.0000000e+00   4.0863900e-01   2.2940531e+00  -8.0389068e-01  -3.5711440e-01  -1.4156288e-01  -3.8611343e-01  -2.4017411e-01  -8.9140768e-01   3.9547349e-01   7.2738360e-01
   2.0000000e+00   6.1527905e-02   1.0353336e+00  -1.8320256e+00  -6.8139424e-01   3.1234813e-01  -6.4213134e-01   6.7225022e-01  -6.7375692e-01   1.9959561e+00   4.9747045e-01
   1.0000000e+00  -3.2831604e-01   7.0025930e-01  -6.8694309e-01   2.3935653e-01  -3.3608150e-01   3.9774028e-01  -9.1126034e-01  -2.7047271e-01   1.6680429e+00  -1.1710260e-01
   1.0000000e+00   6.8705240e-01   2.3238753e-01  -4.8334760e-01  -3.6983279e-01   1.0103492e+00   6.9374186e-01  -1.3037397e+00   3.2241034e-01  -9.3586470e-01  -2.8620289e-01
   2.0000000e+00   6.1413221e-01   5.6803535e-01  -8.1129726e-01   9.9056807e-01   1.2492497e+00   9.2138490e-01   9.2739318e-01  -3.2491151e-02   1.5839024e+00  -2.9386444e-02
   2.0000000e+00  -1.3675413e+00   6.8049304e-01  -2.3601096e-01   5.3735898e-02   1.7977753e-01  -1.0559138e+00   1.1535219e+00   1.1894000e+00   1.4651419e+00  -5.2742886e-01
   2.0000000e+00  -7.5399749e-01  -1.1441218e+00  -1.2793317e+00   4.5975712e-01  -5.1081624e-04   3.8973008e-01   2.3977064e+00  -3.0837637e-01  -3.9744513e-01   9.7646965e-01
   2.0000000e+00  -5.8593879e-01  -8.7208760e-02  -8.2488009e-01  -1.8136877e+00  -4.3756014e-01  -1.1083557e+00  -1.1717075e+00  -7.4851814e-01  -1.3938418e+00  -2.2434042e-01
   1.0000000e+00   1.6638518e-01   4.3068131e-01  -1.0162926e+00  -1.4084860e+00   2.0559091e+00   4.4590473e-01   1.8815658e+00   3.9156471e-01   1.1391926e+00  -1.1943967e-01
   2.0000000e+00   5.8181410e-01  -9.9594964e-01   7.3416108e-01  -1.9570879e-01   7.2301681e-01  -6.6855219e-01  -9.8139126e-01  -1.4016664e-01   1.2938790e-01  -7.3113614e-01
   2.0000000e+00  -7.6395731e-01  -7.2495008e-01  -1.8350022e+00   3.7664464e-01   1.5519487e-01   3.2982465e-01  -7.5539920e-01   8.2434661e-01  -1.7504649e-01  -2.7858179e-01
   2.0000000e+00  -2.1107751e-01   1.1491348e-01  -1.3741199e+00  -1.8968838e-01  -3.1854580e-01  -1.2178021e+00   2.9163629e-02   2.5746157e-01   2.0994462e+00   5.6493759e-01
   2.0000000e+00  -2.1478988e+00  -1.1230617e+00   1.4389058e+00  -6.6039569e-02   1.2715078e+00   6.2605155e-01   1.9639119e-01   8.9507740e-01   2.8545476e-01   1.8716571e+00
   1.0000000e+00   2.5483014e-01   2.3753856e-01  -7.9142299e-01   1.9362078e+00   2.6794005e-01  -9.5407251e-02  -8.1629109e-01   6.5299758e-01  -9.2453001e-01   6.9395248e-01
   2.0000000e+00   7.1462245e-01   1.0949712e-01   2.4389191e+00   1.0112922e+00   2.1224334e-01   9.2687389e-01  -5.8855308e-01  -1.4544764e+00   6.0144276e-01   1.2052948e+00
   2.0000000e+00   9.1226693e-02  -7.7448061e-01  -1.6517615e+00   1.1339351e+00  -3.0082445e-02   2.5745100e+00  -6.6473888e-01  -1.6179960e-01  -1.0079491e+00   8.6329511e-01
   2.0000000e+00   4.0596487e-01   1.0545225e+00  -1.6147187e-01   5.7207586e-01   1.3034246e-01  -1.1290914e-01  -5.3579877e-01   2.4291235e-01   3.2222055e+00   1.2463416e-01
   2.0000000e+00  -2.4433295e-01   1.1818822e+00   2.1325904e-01  -1.1018755e+00  -1.3509376e+00  -1.5529611e+00   1.1606933e+00   1.6738397e+00  -7.0776759e-01   3.5923595e-01
   2.0000000e+00   9.1476599e-01   3.9757218e-01  -1.6491531e+00  -5.8540964e-01  -6.3762986e-01   9.0899661e-01   1.3581604e+00  -4.4686051e-01  -8.5281478e-01  -6.7531861e-01
   2.0000000e+00   7.5844857e-01  -9.8821144e-02   1.3381431e+00  -8.6434832e-01  -5.2229682e-01  -5.9870585e-01   9.3573376e-01  -6.4840937e-01  -3.2726569e-01  -1.2009404e+00
   2.0000000e+00  -6.9486952e-02  -5.4615337e-01  -1.0952704e+00   1.7063552e+00   1.2317808e+00   9.8667079e-01   8.5636850e-01   2.8993667e-01  -1.3570595e+00  -3.0632033e-01
   2.0000000e+00  -8.3294607e-02  -5.0821002e-01  -1.8387702e-01   5.9077623e-01  -3.7299063e-01  -8.0153955e-01  -4.4335306e-01  -8.3358846e-01   1.2732216e-01  -1.0633330e+00
   2.0000000e+00   9.1201492e-02  -3.1498054e-01  -5.3925478e-01   1.0760732e-01  -2.8277876e-01   1.9954160e+00   9.4663583e-01   5.6879398e-01  -5.3150962e-01  -9.6806727e-01
   2.0000000e+00   6.4604526e-01  -7.6381579e-01   3.3444029e+00   8.8962765e-01  -1.7620313e+00   2.5935652e+00  -6.9218082e-01   1.1698737e+00   1.1583285e+00   3.3439073e-01
   1.0000000e+00  -1.7770897e-01   3.0265071e-01  -1.6216329e+00  -1.0892306e+00  -1.5862361e-01   4.2155118e-01   1.5148143e+00  -7.8051426e-01   3.9525717e-01  -1.4759721e+00
   2.0000000e+00   8.9835105e-02   2.5148124e-01  -2.0991671e-02  -1.6038661e+00   7.8745566e-01   1.2121968e+00  -7.2530672e-01  -3.2832031e-01  -1.2943100e+00   8.1799759e-01
   2.0000000e+00  -6.3701411e-01  -9.3093635e-02  -2.6566018e-01   1.3844704e+00  -3.5198937e-01  -1.2766740e+00  -9.5123355e-01   5.7385771e-01  -1.2233917e+00   1.8067378e+00
   1.0000000e+00  -9.6458541e-01   2.7258936e-01   1.1228095e+00   5.4205648e-01   1.6557662e-01   5.2985774e-01   2.8190677e+00   1.7822105e+00  -6.8051253e-01  -9.1285864e-01
   2.0000000e+00  -1.3297506e-01  -8.1329908e-01  -1.1745008e+00  -5.5064287e-01   1.4946576e+00  -9.5031921e-01  -1.3422776e-01   6.2529086e-01  -8.4264201e-01  -5.6594858e-01
   2.0000000e+00  -4.8775387e-01  -7.2982596e-01   2.4746062e-01  -5.0725559e-01  -1.1191585e+00   7.5475244e-02  -1.6411467e-01  -9.8046920e-01  -2.4011183e-01  -6.5264149e-01
   1.0000000e+00   3.9484959e-01   3.6140361e-01  -1.2063320e+00  -9.3945077e-01   1.0493382e+00  -5.3326639e-02  -1.0565690e+00   1.3006300e-01  -8.4549098e-03   7.6880707e-01
   2.0000000e+00  -2.5571253e-01   5.5628066e-01  -2.5282482e-01   1.0143760e-01  -1.4152083e+00   1.6917261e+00  -5.0682983e-01   1.6698210e+00  -4.3981671e-01   1.2540268e-02
   2.0000000e+00   1.6340284e+00   2.3344249e+00  -1.1985427e+00  -7.6120379e-01  -1.9265477e+00   3.3896873e-01   9.6180557e-01   1.4664801e+00   1.3595847e+00  -1.5918423e+00
   2.0000000e+00  -1.4327101e-01  -1.2569214e+00  -3.0662972e-01   9.6010035e-01  -3.7172764e-02  -8.6445612e-01  -1.5072969e+00  -6.6025575e-01   1.5140839e+00   3.5401668e-01
   2.0000000e+00   2.9215952e-01  -1.1065569e+00   7.4720333e-01  -8.2272066e-01  -1.3396438e-01  -7.8666492e-02  -5.9175421e-01   6.5858103e-01  -4.1407289e-01  -1.0222306e+00
   2.0000000e+00   1.0048621e+00  -1.5195400e+00  -1.1489628e+00  -7.4229173e-01  -3.2897038e-01   7.5310882e-01   7.4272453e-01   2.1312426e+00  -3.2590665e+00   1.3538572e+00
   1.0000000e+00  -2.7207075e-01   3.9318383e-01   5.5467409e-01   6.0405621e-01   4.0527609e-01   3.0781456e-01   1.6987037e+00   1.6857018e-01   1.8485442e-01   7.4959919e-02
   2.0000000e+00  -1.8122968e-02  -1.9153055e-01  -7.2747810e-01   1.1337016e+00  -1.5919773e-01  -1.1155598e+00   5.4989269e-01  -2.0631105e-01  -2.5112616e-01  -2.6793356e-01
   2.0000000e+00   2.6563882e+00  -3.4716692e-02   1.6489344e-01  -5.5429643e-01  -6.3426075e-01  -7.5448831e-01   9.8830478e-01  -1.3737405e-01   1.6398520e+00  -8.5532535e-01
   2.0000000e+00   4.2235134e-01  -1.3856290e+00  -1.9672347e-01   9.4213887e-01   1.6873155e+00  -7.2539772e-01  -1.1247879e+00  -1.0068336e+00  -2.2167649e-02   6.4537851e-02
   2.0000000e+00   1.7843445e+00   1.4649112e+00   2.5518615e-01   1.9401266e+00  -2.7277706e+00  -1.0618727e+00   3.0249568e-02  -3.9854407e+00   5.2719766e-01   4.1235131e-01
   1.0000000e+00   8.0065770e-01   1.8982290e-01  -3.9127371e-01  -9.0554137e-01  -7.7860024e-01   7.4638545e-01   5.9256447e-01   3.4858091e-01  -6.2848137e-01   1.1296720e+00
   1.0000000e+00  -3.0227001e-01   3.8357480e-01   1.5851535e+00  -3.5410872e-01   1.6875325e-01   6.3736805e-02   1.6182251e+00   1.6202451e-01   1.9050552e-01  -4.5632486e-01
   2.0000000e+00  -7.4437923e-01  -6.0723440e-01  -2.3431079e+00   1.0346853e-02   7.2948961e-01   4.2335338e-01   1.0932886e+00  -4.6351069e-01  -9.7118837e-01  -1.4397676e-01
   1.0000000e+00   9.0401470e-01   2.5656957e-02   1.3057018e+00  -4.5184127e-02  -1.2334169e-01   7.2652306e-02   2.4402664e-01  -7.1866858e-01  -1.5269802e+00  -6.4445466e-01
   2.0000000e+00   4.6705143e-01  -5.1055902e-01   3.6678573e-01   8.6785769e-01   1.3375500e+00   1.0180085e+00   6.9647669e-01  -1.1678774e+00  -5.8217391e-02   8.3169697e-02
   2.0000000e+00  -7.2948147e-01  -6.0407752e-01   1.6534735e+00  -5.2499408e-01   5.8351517e-01   5.7011719e-03  -1.4352998e+00   3.9823600e-01   8.9912562e-01  -2.5251621e-01
   2.0000000e+00  -6.4169546e-01   9.9724425e-01  -6.2551854e-01   1.1844161e+00  -2.4651334e-01  -3.4616659e-01  -4.0117507e-01   1.9288552e+00   3.1379408e-01   8.8753368e-01
   2.0000000e+00   2.4026309e+00  -2.7873857e-01   9.4068697e-01   1.0900533e+00  -1.1361281e+00  -1.0667870e+00   7.1796191e-01  -3.8017949e-01  -5.7591181e-01   5.3018559e-01
   2.0000000e+00   1.3564759e-02   2.3508571e+00   4.7923849e-01  -6.7455161e-02  -6.1988492e-01   1.9603512e+00  -6.5130614e-01  -4.0488926e-01   2.2265932e+00  -7.5326895e-01
   2.0000000e+00   7.0431240e-01  -1.0105241e+00   9.3314371e-01   6.0542370e-01  -8.7583292e-02   5.2641662e-01   4.3881645e-01   3.6724795e-01  -4.0815768e-01   2.1110449e+00
   2.0000000e+00   1.4911040e+00  -1.7962059e-01   7.3965865e-01  -1.9093752e-01   8.7040855e-01   1.1758124e+00   1.3298582e+00  -1.8855430e+00  -1.3332850e+00   4.5687486e-01
   2.0000000e+00  -1.1583883e-01  -1.9412441e+00   9.2537507e-01  -1.9763717e+00   5.5648582e-01  -7.6853241e-01  -4.6640220e-01   1.8417907e-01  -3.3693460e-01   7.3620159e-01
   2.0000000e+00  -3.2501431e-01   8.0117935e-01   1.2155482e+00  -2.1366294e+00  -1.2022778e+00  -2.3936656e+00   4.8115505e-01  -6.9685058e-01  -1.7689214e-01   1.0229793e+00
   2.0000000e+00  -5.0902417e-01   4.6415368e-01  -2.2177809e-01  -4.7828081e-01  -2.4755989e-01  -1.5389352e+00  -1.9611837e-01  -1.3801761e+00   1.2918606e+00   1.0244630e+00
   2.0000000e+00   7.6278029e-02  -1.4434494e+00  -1.2554760e+00  -1.0499659e-01   4.0447218e-01  -4.6447192e-01   5.8437791e-01   8.2894945e-01  -7.2088476e-02   3.3825562e-01
   1.0000000e+00  -2.3667827e-01   4.3644733e-01   1.6908029e+00   2.5270594e-01  -4.6585632e-01  -6.6161506e-01   3.0525619e-01   7.3046805e-01   5.2330925e-01   6.0026917e-01
   2.0000000e+00   1.4683791e+00  -7.4453633e-01   6.7149710e-01  -3.4792386e-01  -1.6638229e+00  -1.8307350e-01  -6.3607373e-01   6.4578227e-01   1.8123458e-01   2.5004227e-01
   2.0000000e+00  -1.2392731e+00  -2.2118697e+00   1.6261997e+00   1.0237966e+00  -1.3885245e+00  -2.2687960e-02  -2.1999563e+00  -6.9460546e-01  -1.4368267e+00  -1.0731209e+00
   2.0000000e+00   9.4035008e-01  -4.9026059e-02   5.5004010e-01   8.1604377e-01   2.0177745e-01   4.0523894e-01  -2.0287753e+00  -8.2391536e-02   1.9791713e-01  -5.2021820e-02
   2.0000000e+00   3.3868288e-01  -2.7178913e-01  -5.2910263e-01  -1.2495421e-01   9.7295144e-02  -7.5327859e-01  -9.1455994e-01   3.3206376e-01   5.5472960e-01   1.4059826e-01
   1.0000000e+00  -4.8965694e-01   7.6684162e-02   3.8961620e-01   4.1320641e-01   2.2637717e+00   3.7738391e-01   7.7551298e-01   6.7626045e-01  -7.6552992e-01   4.0088687e-01
   2.0000000e+00  -1.2290602e+00  -1.4947269e+00   1.2779350e+00  -2.2059185e-01  -2.9929279e-01   3.1956338e+00  -1.9284249e+00   1.8311871e+00   4.5720999e-01   4.1702403e-01
   2.0000000e+00   3.8018212e-01   1.7216323e+00   3.5631321e-01  -2.8412993e-01  -1.1575444e+00  -2.0983425e-02  -2.7980818e-01  -2.3008364e-01   3.7493395e-01   1.3734173e-01
   2.0000000e+00  -2.0226583e-01  -1.6028363e+00   7.9257322e-01   3.3727680e-01  -6.9118919e-02  -2.2087475e-01   6.2458820e-01  -3.3650830e-02  -2.6427423e-01  -2.3041145e-01
   2.0000000e+00   1.0755199e-01  -1.7029751e-02   1.1570377e+00   1.8930050e-01  -9.2126812e-01   9.8910462e-01  -2.7107641e-01  -9.6505259e-03   6.9596056e-01   8.9488031e-01
   2.0000000e+00   7.7180820e-02  -4.7500919e-01   3.3907848e-01   1.4686932e+00  -1.8235021e+00  -6.4449339e-01   8.8319754e-02  -2.8277305e-01  -1.5404675e+00  -3.3963371e-01
   2.0000000e+00  -1.4329775e+00  -6.1839191e-01  -8.6731394e-01   1.6964755e+00   9.2804996e-01  -4.0692918e-01  -1.4178543e+00   6.7437368e-01   6.2711131e-01   4.6586181e-01
   1.0000000e+00   2.5664920e-01   6.2914767e-02   1.1810956e+00   1.5050323e+00   1.7259935e+00  -4.1034844e-01  -2.9215384e-01   1.2989824e+00   6.2286273e-01  -1.5759148e+00
   2.0000000e+00   2.2154313e-02  -1.8482683e-02   3.3308032e-01   2.3831611e+00   1.3944638e+00  -1.4200541e-01   1.4671487e+00  -6.7172114e-01  -8.1418822e-01   3.4495662e-01
   2.0000000e+00   1.3438031e+00   9.8191891e-01   4.7500271e-01   2.1196015e+00  -2.1231944e-01  -3.8366766e-01   9.0023772e-01   1.3052226e+00  -1.1094982e+00   2.5790415e-01
   1.0000000e+00  -2.7022720e+00   7.4190402e-01  -1.5493159e+00  -1.8216099e-01   9.8272416e-01   1.6137515e-01   5.5149754e-01  -1.4311774e+00  -2.0052820e+00   1.7369928e-01
   1.0000000e+00   3.1722125e-01   4.9779479e-01  -1.0995584e-01  -2.4756375e-01   4.7107148e-01   6.3643719e-01   1.4545573e+00  -2.6835080e-01  -2.0585791e-01  -1.2307652e-01
   2.0000000e+00  -9.4947007e-01  -1.2993151e+00  -8.2521944e-01   1.0494583e+00  -3.5916014e-01   7.9454956e-01  -6.9613612e-02   5.7042968e-01  -1.5087171e+00  -1.8499363e+00
   2.0000000e+00   1.8298348e-01   7.7132871e-01  -6.1127527e-01   1.4166391e+00   3.4015540e-01   6.8294057e-01   6.3731655e-02  -3.5443967e-01   5.2217008e-01  -6.5727594e-01
   2.0000000e+00  -8.0909790e-01   7.3037358e-01  -6.2372869e-02   2.1320441e-01   1.9142358e+00   1.3161792e+00  -5.0499954e-01   7.8301402e-02  -3.2995998e-01  -1.0391907e+00
   2.0000000e+00   6.7597450e-01  -6.6443162e-01  -8.8522664e-01   2.4155209e-01   7.7941400e-01  -1.2012965e+00   1.1732135e+00   1.4962451e+00   3.9594233e-01   9.6384353e-01
   2.0000000e+00   2.1213465e-01  -5.0374815e-01   1.4409661e+00  -7.0390032e-01   3.2144594e-01  -2.1226136e+00  -1.2093587e+00  -4.6658546e-02   1.9637633e+00  -6.2767848e-01
   2.0000000e+00  -3.1716320e-01   1.0182934e+00   1.6513409e+00  -2.5832775e-01   1.6070616e+00   7.3991768e-01   1.2004637e+00  -6.0729446e-01  -1.8197554e+00   3.0424531e-02
   2.0000000e+00  -6.1777863e-01  -2.0830464e-02   1.5320768e-01  -1.0454363e+00   6.2606476e-01   4.9734176e-01  -1.0501451e+00   8.2685073e-01  -1.1178664e+00   7.1507363e-01
   1.0000000e+00   1.0724805e+00   2.3244583e-01  -1.9977297e+00  -2.0570166e+00  -6.8894358e-01  -3.9967128e-01   8.1169555e-01  -3.1724405e-01  -3.4890934e-01   8.3060683e-01
   2.0000000e+00  -4.8432896e-01  -7.9439346e-01  -1.5498358e-01  -3.2990239e-01  -2.6572776e-01   1.9645536e+00  -3.3602579e-01   5.3587161e-01   3.0519870e-01   4.9780108e-01
   2.0000000e+00  -7.9380410e-01   7.1074604e-01  -1.2227073e+00   8.6387439e-01  -1.2278442e+00  -1.4457280e+00  -1.3852391e+00  -6.4507746e-01   5.2279403e-01   1.8963726e+00
   2.0000000e+00   1.0448328e+00  -2.5972857e-01  -7.8455371e-01  -1.0145491e+00  -1.1883611e+00   5.6185811e-01   6.4000706e-01   1.2959611e+00  -2.6818280e-01   2.2491738e+00
   2.0000000e+00  -1.1974567e+00   1.7307165e-01   9.2757695e-01  -7.1027121e-01  -2.6796866e-01   1.9870412e+00  -1.0046787e+00   2.2429423e+00  -7.0866933e-01  -1.0473011e+00
   2.0000000e+00  -7.6751693e-01  -4.8995473e-01  -3.1480812e-01   4.0585146e-01   1.1785623e+00  -2.5533757e-01   1.1416642e-02   7.5105282e-01  -4.7116529e-01   1.7065291e+00
   2.0000000e+00  -1.9094446e-01  -3.5550907e-01  -1.5483512e+00  -5.7134708e-01  -1.0063499e+00   3.5768494e-01  -2.8002763e-01   3.4916161e-01  -1.7242991e-02  -1.2263529e+00
   2.0000000e+00   8.3579510e-01  -2.8248009e-01  -2.1474443e+00  -3.2193236e-01  -1.0622801e+00   1.6722142e-01   4.1074192e-01   7.8376088e-01   3.8103988e-01  -1.0165759e+00
   1.0000000e+00  -6.4079602e-01   1.1363887e-01   6.1986075e-01  -2.0238510e+00  -4.7008131e-01  -6.3447243e-01  -5.0699302e-01  -5.6739838e-01   9.3385527e-01   6.5497066e-01
   1.0000000e+00  -7.7542883e-01   5.8955255e-01   9.3822121e-01   8.4797098e-01  -7.0871295e-01  -2.6445623e-02   5.9285096e-01   6.0898724e-01  -7.0651505e-01  -5.0894142e-01
   2.0000000e+00   1.0172589e+00  -7.7842249e-01   5.5285314e-01   1.6953384e+00  -1.1950261e+00   8.1831762e-01  -1.1644493e+00   2.9219679e-01   1.7134154e+00   3.6147265e-01
   2.0000000e+00   6.6757796e-01   1.5163326e+00   5.4037121e-01   6.4742112e-01  -6.6565992e-01   5.1964834e-01  -3.1115937e-01  -5.3786598e-01   1.4479957e+00   1.5889737e+00
   1.0000000e+00  -4.7368810e-01   5.6853599e-01  -1.9320255e+00  -1.1749660e+00  -5.3523794e-01  -2.7972225e-02   2.3259679e-01   1.6286351e+00   5.4573223e-01  -1.5296242e+00
   2.0000000e+00   2.2656849e+00  -3.5119931e-01  -1.1902683e-01   2.1550805e-01  -1.4203691e+00   1.2796032e+00  -8.1141122e-01  -1.6840963e+00   7.0273514e-01  -3.6388798e-01
   2.0000000e+00   1.7999136e+00   1.7929021e+00   3.6712446e-01   1.4203604e-01   8.7837465e-01  -3.0079428e-01   1.7339510e+00  -1.4420559e-01  -1.6202504e+00  -5.8772553e-01
   2.0000000e+00   2.4196834e-01  -6.5189300e-01   2.6003534e-01  -1.8977779e-01  -1.7621848e+00   1.5039138e+00   8.5008434e-01   1.3581223e+00   5.7309874e-01  -1.1938450e-01
   1.0000000e+00  -3.2737578e-01   2.8320093e-01   1.4355947e+00   9.0190049e-01  -9.6920530e-01   7.0269367e-01   2.9201985e-01   1.9763254e+00  -1.0876988e+00   5.0118094e-01
   2.0000000e+00  -2.1203575e-01  -1.6818243e+00   1.4053361e-01   1.5765480e+00  -9.9579428e-01   4.9563776e-01  -1.3872216e-01  -1.7153069e+00  -2.8337331e-01   1.5816532e+00
   2.0000000e+00  -2.7709296e-01   4.9367613e-01  -7.0024781e-01  -2.4802816e+00  -7.4442428e-01   5.0448691e-01   9.2552242e-01  -2.0151204e+00   1.0280252e+00   7.9771835e-01
   2.0000000e+00  -1.2868804e+00  -5.4885494e-01   2.4545764e-01  -1.9095768e-01   1.8054898e+00   5.6954935e-01   2.1118230e+00  -2.1442204e-02  -4.1380057e-01   5.0977341e-01
   2.0000000e+00   4.6649535e-02  -3.0265509e-01  -1.0615079e+00  -1.2565164e+00   3.9741511e-01  -1.3447209e+00   5.4308101e-01  -1.4901183e+00  -1.2119186e+00   6.9643811e-01
   2.0000000e+00  -1.1770671e+00   1.1795175e+00   5.6250611e-01   1.1120433e+00  -4.4137071e-01   4.4089492e-03   5.4919714e-01  -1.8342392e+00  -5.9295566e-02   5.9977843e-01
   2.0000000e+00  -4.5353158e-01  -9.3721326e-02  -6.7303776e-02   1.7158662e-01  -6.8610842e-02  -4.5671046e-01   7.2617154e-01  -8.1893394e-02   2.1697583e-01  -1.1987170e-01
   2.0000000e+00  -1.2490925e+00  -6.8015378e-01   2.6844952e+00  -1.9589769e-01  -1.1807512e+00  -1.2804163e+00  -5.1342804e-01   2.9462637e+00  -4.2127119e-01   8.0935791e-01
   2.0000000e+00   8.4334434e-01   1.3556177e+00  -9.6616899e-01  -1.7553049e+00   2.0525544e-01   8.5994895e-01  -3.2929797e-01  -1.7537968e+00   1.2149116e+00   9.5329480e-01
   2.0000000e+00  -1.7113141e-01  -5.3646570e-01   4.0636986e-01   2.3130764e-01  -4.0929549e-01   2.0264607e-01  -1.6234050e+00   2.1145802e-01  -2.1646403e+00   8.2666895e-01
   1.0000000e+00  -1.0361258e+00   5.2819526e-01  -6.3228246e-02   9.1596869e-01  -3.6521108e-01   4.8363578e-01  -9.7776323e-01  -5.4613578e-01   1.8151421e+00  -6.9108609e-01
   2.0000000e+00   9.1972829e-01   6.8408883e-01  -8.3469464e-01   1.1484621e+00   2.8550804e+00   1.2734310e+00  -1.8317281e-01  -1.4486893e+00   1.1973830e-01  -1.1803064e+00
   2.0000000e+00  -8.9788306e-01   1.0894200e+00  -1.1563307e+00   1.1408790e+00   7.3364563e-01  -4.5606819e-02   1.3810059e+00  -3.5391496e-01   6.4763343e-01   1.1023328e+00
   2.0000000e+00   1.0136072e+00  -2.3710247e+00   5.1977451e-01  -2.4413781e+00   3.5509961e-01  -2.7025583e+00   1.6210554e-01  -3.1387129e-01  -1.0250131e+00  -1.0610210e+00
   2.0000000e+00   1.4020588e-01  -1.7062236e+00  -1.2162920e-01   9.8558900e-02  -2.0967742e-01  -7.9013093e-01   3.1343175e-01   2.3922464e-01  -2.1614477e-01  -2.6412102e-02
   1.0000000e+00  -1.5983689e+00   8.8118418e-01   7.2040467e-02  -5.8483690e-01  -8.4685863e-01   8.3368274e-02   2.1308913e-01  -9.7213639e-01  -2.0568115e-01   2.4298430e-01
   1.0000000e+00   1.0967938e+00   7.7604711e-01  -4.0162010e-01   3.2706810e-01  -3.8111212e-02  -1.1878556e-01   8.8776141e-01   1.3210229e-02   2.4716685e-01  -2.5323051e-02
   2.0000000e+00  -2.2083730e-01  -4.4650784e-02  -1.2820300e+00  -2.0468318e+00   9.4667759e-01   2.1995765e-01   1.3952929e+00  -1.0079758e-02   1.5291963e+00   4.1493977e-01
   1.0000000e+00   1.3472790e+00   3.9682454e-01   1.6877769e+00  -4.5126877e-01   1.4942495e+00   1.9244554e-01   1.2572325e+00  -6.5221885e-01   1.7159486e+00  -3.0808616e-01
   1.0000000e+00   5.1458428e-01   4.2499058e-01   3.6030027e-01   1.2971236e+00  -8.7391242e-02  -1.5006641e-01  -4.8636821e-01  -6.2744734e-01   5.4741512e-01  -2.6252530e+00
   2.0000000e+00  -4.8110766e-01   8.8591490e-01   9.3582985e-01   5.6169954e-01  -4.9402172e-01  -1.4819628e+00   5.9363180e-02   2.3903648e-01   4.2289931e-01  -5.5351459e-01
   2.0000000e+00  -2.1150790e+00   1.6204962e-01  -1.6330665e+00  -1.0473654e+00  -8.9535941e-01   1.7664571e+00   9.6683893e-03   4.2125957e-01   3.3157460e-01   2.0433869e-01
   1.0000000e+00  -1.0062668e+00   9.3194950e-02  -1.8510695e+00  -1.7615827e+00  -1.3574155e+00  -1.6471944e-01   2.3426254e+00   1.6006657e+00  -3.4844644e-01   1.2918598e+00
   2.0000000e+00  -1.4415221e+00  -3.3104498e-01  -1.0448174e-01   7.5786674e-01   1.8120518e-01  -5.2018419e-02   5.1744548e-01  -2.0413029e-01   4.6412861e-01   1.0391108e+00
   2.0000000e+00   1.6180126e+00  -1.3024869e-01   7.9909614e-01  -6.6404764e-02   1.0143493e+00  -8.9725873e-01   1.9030229e+00   1.3218143e+00  -4.7377731e-02  -9.3640510e-01
   2.0000000e+00  -1.7353196e+00  -1.1227975e+00  -1.4755898e+00   1.9852661e-01   2.5925091e-02   2.8663451e-02   2.6510008e-01  -3.9038671e-01   1.2488163e+00   2.7957168e-01
   2.0000000e+00  -1.0211812e-01   4.4847700e-01  -1.1396790e+00   3.8786912e-01  -1.2220907e+00  -2.5429884e+00   1.9408569e+00  -1.4048916e+00  -5.8025505e-01  -1.0035934e+00
   2.0000000e+00   1.9383979e-01  -1.3703998e-01  -2.4981328e+00   5.4146476e-01  -5.6440671e-02   2.0880248e+00  -1.6999490e-01  -1.4913640e+00  -1.4495687e+00  -1.7247145e-01
   2.0000000e+00   1.2162483e+00   2.0560678e-01   3.1739266e-02  -4.6094929e-01   1.0135885e+00  -1.5026437e+00  -2.7494262e+00   1.5733072e-01   4.9459957e-02  -2.8798480e-01
   2.0000000e+00  -4.4768632e-01  -1.0584247e+00  -4.1105320e-01  -4.4768243e-01  -4.6241410e-01  -1.1933171e+00  -4.1254096e-01  -7.9467534e-01  -1.0941417e+00  -2.7577384e-01
   2.0000000e+00   2.3502555e-01  -2.4573868e+00   8.3231315e-01  -3.3665352e-01   7.1567104e-01  -1.1293738e+00   2.5553848e-01   8.1168142e-01  -1.7435480e+00   1.1731470e+00
   2.0000000e+00  -2.7104843e-01   5.0750355e-01   3.0165247e-03   7.7575842e-01   2.2040988e-01  -1.2142922e+00   2.8596356e+00   2.5206598e-01   6.2203182e-01   1.6720794e+00
   2.0000000e+00   1.3628215e+00  -2.7263547e+00   1.3367955e+00  -5.7274684e-01   4.0094591e-01  -2.2057635e+00  -8.1586043e-02  -9.4478455e-01  -5.1314350e-01  -1.8907646e-01
   2.0000000e+00   1.2596586e+00  -3.6364252e-01  -7.2966331e-02   5.6582804e-01  -1.3970265e+00   1.3942025e+00  -6.2370337e-01   6.6306331e-01   8.2227638e-01  -1.3541304e+00
   2.0000000e+00   7.8036511e-01   1.6948170e+00  -5.6476980e-01   1.8536489e-01   8.9500695e-01   9.9370952e-01   1.4255415e+00   4.8892490e-01   5.3863066e-01  -7.2083259e-01
   2.0000000e+00  -2.6066925e-01   1.0347582e+00   3.7036575e-01   1.5209416e+00   9.2271901e-02   2.0213530e-01  -3.3569521e-01  -2.9926968e-01   8.4524845e-01   5.5722121e-01
   2.0000000e+00   1.4346901e+00   1.5954739e-01  -3.2382023e-02  -6.6381885e-01   6.7801720e-01   1.0201365e+00   1.1379766e+00  -7.9425068e-01   4.6334436e-01  -8.4351285e-01
   2.0000000e+00  -8.9532090e-02   9.8154704e-01   2.8432565e-01  -7.8586495e-01  -2.2468012e-03  -2.9529529e-01   8.9178587e-01   7.8906081e-01   1.9603226e+00  -2.3443223e+00
   2.0000000e+00   1.0574863e-01  -3.5784238e-01  -8.9387880e-01  -1.7866846e-01   1.6552717e-01  -4.8276647e-01  -1.9091183e-01   1.3107856e+00   1.7774090e+00  -1.8931326e-01
   1.0000000e+00  -4.1623380e-01   6.4757039e-01  -2.8011097e-01   1.5942520e-01   2.8569178e-01   1.7335831e-01   1.1710189e+00  -5.8326534e-01   7.1572658e-02   4.8687823e-01
   2.0000000e+00  -2.6522965e+00   1.3895834e+00   7.9088002e-01  -6.7282960e-01   1.0812322e-01  -4.8415014e-01   1.5742551e-01  -6.5455295e-01  -9.3592285e-01   1.1234366e+00
   1.0000000e+00  -3.5111847e-01   8.0723799e-01  -6.8710681e-01   1.2139755e+00   8.6781510e-01   1.8989843e-01  -7.1059323e-01   1.1900268e+00   1.7017461e+00   1.5595218e+00
   2.0000000e+00   6.6956051e-01   9.3576475e-01  -3.1799066e-01  -5.5981175e-01   1.3700070e+00  -3.8625069e-01   6.4074786e-02   2.6552782e+00  -1.7491354e-01  -3.3453534e-02
   1.0000000e+00   2.7834791e-01   2.8932885e-01   7.5191836e-01   1.0709634e+00   1.1008494e+00   4.6664733e-01  -8.3405285e-01   1.1398187e+00   4.1705053e-01  -6.9232538e-01
   2.0000000e+00  -1.7144894e-01  -1.1408953e+00  -1.1696909e-02   5.7038683e-01  -8.2762762e-01   3.1125298e-01   2.5259028e-01  -6.2271069e-01  -2.9215459e-01   5.6153818e-02
   2.0000000e+00  -5.2553863e-01   2.0048847e+00   5.7174736e-01  -8.6920078e-01   6.0960134e-01  -3.7700195e-02   1.3866759e+00   2.3370228e-01  -8.3958774e-01  -7.4351158e-02
   2.0000000e+00   2.3167013e+00   2.4717785e+00  -5.1965752e-02   1.7940406e+00   7.1452969e-01   1.3677656e+00   7.4609119e-01   1.8665973e+00  -9.1165423e-01  -3.6307785e-01
   2.0000000e+00  -2.8098909e+00   1.0577132e+00   1.4814730e-01  -1.1244493e-01   8.2735978e-01  -1.9091493e-01  -4.2393576e-01  -1.3367647e-01  -5.0976194e-01  -6.8303543e-01
   2.0000000e+00  -1.4283956e-02   2.6994969e-01   1.0286179e+00  -6.2554286e-02  -4.5377931e-01   1.1462435e+00   9.9467031e-01  -2.8717578e-01   2.0672229e-02   1.2032248e+00
   2.0000000e+00   1.0145769e+00  -8.7393553e-01   5.4163147e-01   8.5048601e-01  -5.3262016e-01  -1.3935916e+00   8.9897953e-02  -5.3302049e-01   6.1362360e-01  -6.6602218e-02
   1.0000000e+00   2.3697594e+00   4.5956391e-01  -2.2343287e-01  -1.0517620e+00  -1.1480161e+00   7.4553170e-01   1.6062110e+00   1.1364614e-01  -9.0372038e-01  -3.5392168e-01
   2.0000000e+00  -1.9523610e-01  -7.3999636e-01   1.5255801e-01   2.4498665e-01  -1.9763825e+00  -5.0337089e-01  -1.7647218e+00  -1.3620706e+00   7.9174866e-01   3.9054537e-01
   1.0000000e+00  -1.7945195e+00   5.1528375e-01  -1.1080688e-01  -2.8101269e-01   3.6918148e-01   1.4010662e-01   1.2211667e+00   6.0922000e-01   1.6742465e-01   2.1496068e-01
   2.0000000e+00   1.2741778e+00   2.0162877e+00  -2.3776625e+00  -6.7641892e-02   5.1105737e-02  -1.0229490e+00  -3.8484291e-01   4.2585986e-01   7.8615348e-01  -1.2374554e+00
   2.0000000e+00  -1.1758516e+00   1.4169637e+00   1.5339381e-02  -5.7691388e-01   1.1459426e+00  -1.1750849e+00   8.5977281e-01   5.4111085e-02  -5.7942632e-01   1.2590869e+00
   2.0000000e+00   4.0553688e-01   9.8845123e-01   1.6580730e+00   3.8620611e-01   5.6954834e-01   9.0735331e-01   3.5101298e-02   1.3949727e+00  -1.1566452e+00  -1.3398663e+00
   2.0000000e+00  -8.7400650e-01  -1.6590214e+00  -3.6910442e-01  -1.2770059e-01   1.7405538e-01   8.0159262e-01  -5.0681109e-01  -2.0297368e+00  -3.4053886e-01  -1.0346628e+00
   2.0000000e+00   2.5605155e-01   1.6546356e+00  -2.1198529e+00  -4.9658592e-01  -3.9698866e-01  -3.4242060e-01  -2.6551664e+00  -1.0819690e+00  -2.1945994e+00  -3.4408044e-01
   2.0000000e+00   1.0211185e+00  -1.1200764e+00   1.5377020e+00  -3.4225753e-01  -1.0166616e-01  -1.4796444e-02   1.6107925e+00  -1.0262384e+00   5.1668787e-01   8.2112234e-02
   2.0000000e+00  -1.9875762e+00  -3.8121603e-02   8.4149197e-01  -7.2424929e-01   1.7621479e+00  -1.6218375e+00   2.0808344e+00   6.1229532e-01   1.3857748e+00  -1.7944384e-01
   1.0000000e+00   1.8403611e+00   3.2478880e-01   3.6463911e-01   6.6298266e-01  -1.5089442e-01  -2.9472887e-02   3.4909701e-01   1.5824540e+00  -9.0769786e-01   3.2851262e-01
   2.0000000e+00   2.4048507e-01   2.5161002e+00  -1.5718288e+00  -2.5316961e-01  -4.6940600e-01  -1.1615009e+00   8.6945758e-01  -1.3898246e+00   5.2243922e-01   1.3173712e+00
   2.0000000e+00   8.7917761e-01   1.0832985e+00   2.2660115e-01   3.1173673e-02   2.5525532e-01   5.6376078e-01  -6.9458313e-01   8.9287986e-02   1.3379879e+00  -7.1435774e-02
   2.0000000e+00   2.5662526e-01  -9.9951857e-01   8.6533984e-01   1.9315556e-01   2.5261447e+00   1.6932762e+00   1.5812901e-01  -6.8115943e-02  -1.4358960e+00   8.7060206e-01
   2.0000000e+00   1.4562828e-01   1.2530632e-01  -4.9212132e-01  -7.0983845e-01  -6.0674761e-02   1.5389001e+00   9.2369933e-01  -6.4469631e-01   9.7263964e-01  -2.0408590e+00
   1.0000000e+00   4.0039492e-01   5.2130371e-01   2.0294374e-01   3.8891868e-01   3.4464787e-01  -3.2249633e-01   5.2021779e-01   2.8406284e-01  -2.0715131e+00   1.2378488e+00
   2.0000000e+00   1.4160522e+00  -4.3456571e-01   8.7834174e-01   1.3830023e+00   2.3423430e-01  -8.5081575e-01  -1.5198901e+00   6.1238576e-02   5.0880725e-01   5.1024339e-01
   2.0000000e+00  -8.2326052e-01  -4.7651470e-01   6.8551134e-01  -3.9483144e-02  -8.2525254e-02   2.7249360e-01  -1.8005880e+00  -9.2240679e-01   6.0192646e-01   1.5572596e+00
   2.0000000e+00   3.2612490e-01   6.4066667e-01   7.7791717e-01  -1.7909357e+00   8.8189409e-01   8.6702338e-01   7.8209707e-01  -7.1329009e-02   1.0287474e+00   1.0172251e-01
   2.0000000e+00   5.7490230e-01   1.3200912e+00   9.2106005e-01   2.6040065e-01   5.0090122e-01   1.8110471e+00  -1.0409296e+00  -1.4516476e+00  -1.6251265e+00  -4.4030806e-01
   2.0000000e+00  -2.2897559e+00  -2.1962356e+00   4.3771250e-01   4.8982055e-01   1.0307020e+00  -3.7920032e-01  -1.1888733e+00   2.6180716e-01  -5.0359819e-01  -9.0076608e-01
   2.0000000e+00  -7.8778887e-01  -5.0004185e-01  -9.2805824e-01   1.1113997e+00  -8.4723177e-01  -4.4710642e-01   1.2231138e+00  -6.9502011e-01   8.6561653e-01   7.7866219e-01
   2.0000000e+00   1.1759280e+00   2.9503366e-01  -4.3841879e-01   1.0580969e+00  -1.5105023e+00  -1.0000545e+00   1.2045614e+00   4.2253230e-01  -9.9728099e-01  -1.4387896e-01
   2.0000000e+00  -5.1173833e-01  -1.5306935e+00  -6.0230124e-01  -1.1949082e+00   1.8223278e+00   2.1372868e+00  -1.2761677e+00  -1.9630612e-01  -1.6486610e+00  -7.8611334e-01
   2.0000000e+00  -4.6261004e-01  -2.2663352e-01  -6.7711452e-01  -2.1135320e+00   5.0016212e-01   9.5821180e-01  -1.4548146e-01  -2.6092577e+00  -7.1900477e-02   4.2824328e-01
   2.0000000e+00   1.5024723e+00   8.0078542e-01  -1.8963920e-01  -2.0913372e-01  -1.7781240e+00  -1.0127550e+00   6.9085666e-01   4.5936081e-01   7.4496997e-01   8.0537157e-01
   2.0000000e+00   1.3531360e+00   1.2292640e+00   6.2208868e-01   6.3411039e-01  -1.0409885e+00   1.8933669e-01  -5.4401059e-02  -1.5497532e+00  -7.6281225e-01  -1.1895480e+00
   2.0000000e+00  -1.1540886e-01  -3.2629533e-01   8.5913537e-02  -6.5348690e-01  -1.7611350e-01  -3.3778651e-01  -3.2923579e-01  -2.9625694e-01   1.8872831e-01   4.8014290e-01
   1.0000000e+00   1.0063408e+00   4.3026674e-01   2.7013564e-01  -3.1044895e-01  -1.5531572e+00  -7.5687143e-01  -1.2568517e+00   1.9487702e+00  -1.0671369e+00   1.1231687e+00
   2.0000000e+00  -2.0024480e+00  -3.8379086e+00   9.0074704e-01   2.0391438e+00  -4.8390808e-01   8.7297892e-01  -5.2877485e-01   5.3678937e-02  -2.0505188e-01   8.8229694e-01
   2.0000000e+00   5.7060001e-01  -1.6663972e+00   1.6376758e-01   2.2233628e-01  -2.3163668e+00  -4.6878778e-01  -1.3296677e-01   1.0557224e+00   1.3610052e+00   5.1807776e-01
   2.0000000e+00   1.7082571e-01   1.1554149e+00  -7.0159345e-01  -7.9952117e-01   4.8965288e-02   3.7883229e-01  -1.1691231e+00  -3.0850373e-01  -7.8785528e-02  -1.4899459e+00
   2.0000000e+00   2.0487881e-01  -7.7336640e-01   4.1833237e-01   9.6996066e-01  -3.0954921e-01   2.9072145e+00  -1.0977225e+00   1.5006292e+00  -1.7162886e+00   1.9273455e+00
   2.0000000e+00   7.9120893e-01  -4.2032635e-01   4.2563565e-01   6.2638835e-01   5.2746896e-01  -1.3845002e-02  -7.6369519e-01   1.4768165e+00  -8.2835948e-01   5.3594681e-02
   2.0000000e+00   4.4434441e-02  -2.5990320e-01   3.6353358e-01  -8.4561441e-01   1.4131848e+00  -7.5677903e-02  -1.5342748e+00  -1.4518343e-01  -2.4777584e-01   3.6899027e-01
   2.0000000e+00   1.2188216e+00  -4.6145477e-02   3.1717166e-01  -1.4365044e+00   9.7149663e-01  -1.5139676e+00   2.6698002e+00  -4.5755948e-01   7.8020471e-01  -2.4777339e-01
   1.0000000e+00  -1.1093551e-01   3.5770447e-01   1.1067700e+00   5.7198062e-01  -9.0353498e-01  -8.1540759e-01   8.9095861e-01   1.9285305e+00  -1.1680173e+00   1.6355131e+00
   2.0000000e+00   1.0402217e+00  -1.1020241e+00  -4.4618389e-01   1.0675031e+00   4.1103700e-01  -6.0453697e-01   3.9621581e-01  -2.2052065e+00  -3.1117423e-01  -9.9618661e-01
   2.0000000e+00  -9.6582509e-01  -5.8672931e-01  -1.1821978e+00   5.0940392e-02  -1.6143838e+00  -1.6643792e+00   8.6032284e-01  -2.0519883e+00  -1.5817064e+00  -2.1701681e-01
   2.0000000e+00  -7.5452293e-01  -1.0134206e+00  -1.7978230e+00   2.4709350e-02  -1.6763735e+00  -9.1535033e-01  -2.0665246e-01  -1.2925267e-01   9.2262259e-01  -1.3706582e-01
   2.0000000e+00  -6.6812471e-01  -3.8453934e-01  -7.4540158e-03   7.3210436e-01   7.6645997e-01  -1.7777452e+00   1.5187132e+00   1.1646168e+00  -1.0548362e+00  -2.5504258e-01
   2.0000000e+00  -2.3915736e-01  -2.8120818e+00   6.5657138e-01   6.1063531e-01   5.2467095e-01   9.6107078e-01  -3.9868969e-01  -1.2722990e+00  -1.0054918e+00  -7.0595181e-01
   2.0000000e+00   1.3700753e+00   1.0941213e+00   6.3824387e-01  -6.2578432e-01   5.6451052e-01  -8.9131405e-02  -3.7933303e-01  -1.0327840e+00   1.0167169e+00   8.2269381e-01
   2.0000000e+00   1.5946034e+00  -5.2633275e-01  -4.6663495e-01  -4.5778437e-01  -2.0971082e+00   9.4993513e-01   2.4368026e-01  -1.6674773e+00  -1.1755228e-01  -1.5843766e+00
   2.0000000e+00   1.2290836e+00  -4.3377864e-01  -7.0750431e-01   5.7794852e-01   2.6693940e-01   7.1949053e-01   1.1409867e+00   1.3766955e+00  -9.0207707e-01   9.1613995e-01
   2.0000000e+00  -3.9160686e-01  -1.0767042e+00   5.5724964e-01  -3.8763348e-01  -3.0520758e-01  -1.1096327e+00   8.4011669e-01  -1.4499971e+00   6.6733508e-01  -6.1880571e-01
   2.0000000e+00  -8.8906567e-01   3.8421886e-02   3.8747994e-01   8.0507615e-02   1.4421699e+00  -2.0257645e+00  -1.0047453e-01   2.1808781e-01   8.3640346e-01  -1.2222623e+00
   1.0000000e+00  -2.1741461e+00   6.0101937e-01  -9.9756838e-01   2.9572195e-01   7.4215118e-01   4.0592672e-02   1.5091864e-01   2.9996785e-01  -1.8710979e+00   1.9004037e+00
   2.0000000e+00   2.0136477e+00  -1.0978373e-01   6.6440348e-01  -1.9255371e-01   1.4451180e-01  -2.4137968e-01   1.4212808e-01   1.9686265e+00  -3.6350903e-01  -2.8342274e-01
   2.0000000e+00  -1.0908136e-01  -1.4600838e+00  -8.6053326e-01   8.8315846e-01   1.4993041e+00   1.8599261e+00   9.7088005e-01  -4.5017834e-01   3.1878363e-01   7.4162485e-01
   1.0000000e+00  -3.6211978e-01   5.1274644e-01  -1.1828266e+00  -1.2772268e+00  -4.0016013e-01  -1.1218227e-01   7.2147495e-01   8.5008931e-01   1.1603260e+00  -1.1762872e+00
   2.0000000e+00   2.0837835e+00  -7.1699321e-01   5.7382808e-01  -1.1872413e+00  -4.3774542e-02  -2.2388358e-01  -1.7171872e+00   3.4854922e-01   8.0855014e-01  -1.8078397e+00
   2.0000000e+00   3.2812091e+00  -1.0281925e+00  -1.5762477e-01  -1.1400321e+00  -8.9363047e-01  -1.4441841e+00  -7.4442813e-01   3.8858830e-01  -4.4978753e-01  -1.7020919e-02
   1.0000000e+00  -1.0805574e+00   1.9912048e-01  -1.3483936e-01   7.4023957e-02  -1.5303720e+00   4.4356464e-01  -1.3153738e+00  -9.2399318e-01   1.6591036e+00  -8.0853264e-01
   1.0000000e+00  -5.0577757e-01   2.4733726e-02   2.7283771e-01   1.0501845e+00  -1.5661358e+00   3.5213797e-01  -8.7052963e-01   6.4494916e-01   1.2213388e-01  -5.0163979e-01
   2.0000000e+00  -3.2606106e-01  -3.8138086e-01   7.0898756e-01   1.8319784e-01   6.4839243e-01  -5.5009605e-01   1.5929977e+00   2.8654790e-01   5.0862218e-01   6.8703208e-02
   1.0000000e+00   1.1745840e+00   3.6268333e-01   1.4004697e+00  -1.2337538e+00  -1.2204337e+00  -4.8601366e-01  -6.5652569e-02   1.3116496e+00   8.7540453e-02   5.1261823e-01
   2.0000000e+00   9.0799461e-01  -4.7360975e-01   1.7542612e-01  -3.5943669e-02  -9.0803626e-01  -1.0428017e+00  -3.5093896e-01  -9.9473727e-01  -1.4956801e-02  -1.8518174e+00
   2.0000000e+00  -2.6323021e-01  -6.3809141e-01   3.8853164e-01   7.6891746e-01   2.3948530e-01  -5.3183367e-01   9.4654048e-01  -1.1346382e+00   2.0064030e-01   1.8075508e+00
   2.0000000e+00  -4.1783944e-01  -5.5713420e-01  -8.4118839e-01  -1.8361124e+00   5.0915033e-01  -4.0851539e-01  -4.0267825e-01  -1.0716174e-01   2.8970859e-01   8.9880333e-01
   2.0000000e+00   9.1560098e-01  -1.0649713e+00   4.1005454e-01  -4.3371487e-01   3.1526163e-01   6.5003768e-01   1.0205817e+00   2.1920614e+00   4.0086399e-01   1.1379402e+00
   2.0000000e+00   9.0477654e-01  -8.3140796e-01   1.2725581e-04  -2.0335076e+00   2.8736661e-01  -1.5252453e+00  -1.4423613e+00   4.3110068e-01  -5.9922086e-01  -9.3928193e-01
   2.0000000e+00  -1.1822740e-01  -1.1985059e+00  -4.5638925e-01   2.4956719e+00  -1.3603248e+00   1.6095038e+00  -1.6553917e-01  -1.3673802e+00   5.0707237e-01   3.7250414e-01
   2.0000000e+00  -1.3101337e+00   9.9672323e-01  -1.9480401e-03   3.7317318e-01   2.3093291e+00  -1.9329277e+00  -3.5080448e-01   2.3709684e+00  -4.3789391e-01   8.8900444e-01
   2.0000000e+00  -1.3011939e+00   1.8544696e+00   1.1846352e+00  -4.3482533e-01  -8.7110672e-01   7.3708188e-01   3.7200685e-01  -5.9387421e-01   2.7957124e-01   4.8549293e-01
   1.0000000e+00   1.2770739e-02   3.5061511e-01  -1.1464626e+00   1.1536562e-01   7.2814775e-01   2.7295383e-01  -1.5021071e+00  -1.8034805e+00   7.4165950e-01   8.1115733e-01
   1.0000000e+00  -8.5211061e-02   7.1544550e-01   6.7062434e-01  -2.9733684e-01  -1.1975452e+00   2.4886252e-02   1.0236601e+00   9.2451928e-01   1.0734961e+00  -6.5597026e-01
   2.0000000e+00   8.8874224e-01   7.6462421e-01   4.5087553e-01   1.5871617e-01  -1.7183365e+00   7.8203863e-01   2.0325002e+00   7.2171813e-01  -5.4362992e-02  -2.0432505e+00
   2.0000000e+00  -1.5275318e+00   9.0055624e-01   8.8553496e-02  -8.7767127e-01   1.2774251e-01   3.8902054e-01  -8.5009049e-03  -1.9246489e+00   1.4506313e-01  -1.1235887e+00
   1.0000000e+00  -1.2130836e+00   1.6171438e-01   1.3509620e-01   7.2998268e-01  -3.0295578e+00   1.4317817e-01   1.9805022e+00  -6.9392369e-01   6.9995174e-02   6.7362342e-01
   2.0000000e+00   1.4711228e+00  -6.5951574e-02  -1.3647919e+00  -1.6691334e+00   2.0486164e+00   1.1584173e+00  -1.4327598e+00  -6.9053791e-01   6.5429784e-01  -9.2897180e-01
   2.0000000e+00  -1.3145064e+00  -1.3734236e-01  -4.8258169e-02   1.7545018e-02   2.5428129e+00   7.4457893e-01   2.1411512e+00   7.2362957e-01  -1.1880906e+00  -7.6667883e-01
   2.0000000e+00  -6.5385611e-01   1.6159129e+00   5.3930348e-02   1.3705591e+00   8.5415244e-01   1.4344530e+00   1.0459896e+00   1.6505458e+00   3.2162612e-01   1.7411201e-02
   2.0000000e+00   5.8668202e-01   3.2812047e-01  -1.3786698e+00  -7.3847847e-01  -6.4703098e-01   9.2207897e-01   1.0654972e+00   2.2327780e-01   2.0432846e+00   1.9213207e+00
   1.0000000e+00   1.9294985e+00   1.6589052e-01  -1.2323057e+00   3.1072139e+00   4.7959019e-01  -1.6928707e-01  -9.2330165e-01   1.3984861e-01   2.3346264e+00  -1.0047428e+00
   2.0000000e+00  -6.7223991e-01  -9.1976566e-01   4.5201739e-01   1.1733185e+00  -4.8259502e-01  -1.1335751e+00   1.9189997e-01   5.1016268e-03  -1.4230705e+00  -9.1156099e-01
   2.0000000e+00   6.1665641e-01  -5.4164221e-02  -2.3702907e-01   1.5055934e+00  -8.3662539e-02   1.2325631e+00  -8.5576483e-01  -4.9878221e-01   9.9970567e-01   5.2013743e-01
   2.0000000e+00   3.6452823e-01  -9.3241535e-01  -1.9578759e+00   3.8505868e-01   9.2509219e-01  -9.6593859e-02   6.6036655e-01  -1.8261714e+00   5.5848451e-01  -1.1576544e+00
   1.0000000e+00  -6.7564577e-01   8.9533622e-02   7.1076773e-01  -3.8198472e-01   1.3053434e+00   5.1993732e-01  -1.6717896e-01  -2.6961593e-01  -5.0108256e-03   1.7220312e+00
   2.0000000e+00  -8.6763868e-01  -2.0225753e-01   6.4173376e-01  -1.2009149e+00  -1.1689030e+00   5.0835928e-01   6.7422670e-01   1.4876553e+00  -6.5666687e-01   8.5386963e-01
   2.0000000e+00   1.9195729e+00  -7.6270332e-01  -2.2608727e+00   6.2477203e-01  -1.7681529e+00  -3.1129559e-01  -2.6474982e-02   2.1860537e+00  -1.1680756e+00  -1.2551769e+00
   2.0000000e+00   1.5098678e+00   8.3259326e-01  -1.6180454e+00  -2.7722431e-01   2.7913986e-01   4.1572700e-01   1.5360719e+00   4.5330236e-01   9.6989431e-01  -6.0165363e-01
   2.0000000e+00   6.1170463e-01  -2.3415574e-01   5.9345759e-01   4.2253509e-01   1.8737234e-01   6.4602862e-01   1.2404400e+00   8.8493649e-02   2.2016637e-01   1.7245679e-01
   2.0000000e+00   4.6550206e-01  -1.3779246e-01   8.0683331e-01   1.0708806e+00   1.4353856e+00   4.0614014e-01   1.5408715e+00  -3.0170358e-01   3.0986205e-01   2.1089718e+00
   2.0000000e+00  -1.3897191e+00  -1.7348666e-01  -9.3357200e-01   2.8239252e-01  -4.7652601e-01  -2.1021376e+00   5.9956773e-01  -1.6210059e+00   1.8978375e-01  -9.8199620e-01
   2.0000000e+00  -2.1223919e-01  -1.7413145e+00  -2.7526242e-01  -2.7361659e+00  -1.9669730e-01   1.8245915e+00   1.8865106e-01  -5.2164085e-02   5.7090215e-01   1.2979290e+00
   2.0000000e+00  -9.5852642e-01   2.5985441e+00   7.7456373e-01   4.0351517e-01  -2.0638859e-01  -1.1253518e+00  -1.4338066e+00  -8.3298902e-01   6.0611882e-02  -8.2755238e-01
   2.0000000e+00  -7.5294594e-02   1.6009175e+00  -1.0519870e+00   7.3407758e-01   1.2176693e+00   4.6825534e-01   2.8709845e-02  -5.8813001e-02   2.0832416e+00   1.4412117e+00
   2.0000000e+00  -2.1114835e+00  -4.7680325e-01  -2.0617818e+00  -8.1095692e-01  -4.4810517e-01   9.5004907e-02  -6.5492587e-01   6.1607184e-01   6.5374804e-01  -6.6796927e-01
   2.0000000e+00  -4.4443935e-01   1.0064785e+00   8.5775709e-01  -6.0929570e-01   7.7424254e-01  -7.5579874e-01   1.7424892e-01   2.9856025e+00  -6.3693964e-03   1.1559282e+00
   2.0000000e+00  -2.3496685e-02   8.8346899e-01  -1.0586403e+00   9.4156936e-01   9.6960600e-01   4.4029707e-01  -1.1249152e+00  -1.3638559e+00   3.3175027e-01   9.9933572e-01
   2.0000000e+00   1.3250332e+00   3.8765816e-01  -1.0747829e+00   1.2716176e+00  -1.4482268e+00   1.3804066e+00  -9.8167479e-01  -2.8645840e-01   2.8202462e-01  -9.6562961e-01
   2.0000000e+00  -1.2820815e-01   1.3758911e+00   4.7756142e-02  -7.9717623e-01  -6.7403457e-01  -1.2972413e+00   7.1387876e-01   6.5604836e-01  -1.6556492e+00   2.2280487e+00
   1.0000000e+00  -1.0635182e+00   5.9498939e-01  -1.8021824e+00  -2.1257872e+00   1.1660406e+00   3.5698330e-01   1.1254298e+00   5.7394135e-01  -1.5356359e+00   1.7441868e-01
   2.0000000e+00  -3.5550472e-03   2.6862214e-01   2.0565914e+00  -1.2681640e+00   2.3666934e+00   9.1378542e-01   7.0213652e-01  -1.7577394e+00  -9.8644850e-02   1.1562129e-02
   1.0000000e+00  -9.4017941e-03   1.9881569e-01   9.0290482e-01  -1.5783385e+00   7.4849347e-01  -4.5704868e-01  -1.3921803e+00  -1.3001403e+00  -1.5652283e+00  -7.4708780e-01
   2.0000000e+00  -8.2127511e-01  -1.0503879e-01   1.1550885e+00  -1.7059342e+00  -3.1863361e-01  -1.2468967e+00   6.6227898e-01  -1.7938983e-01   1.2241272e+00  -1.5052781e+00
   2.0000000e+00  -1.6435926e+00   5.5623484e-02   1.3710346e-01   7.0022366e-01   4.1663206e-01  -1.6548203e+00  -1.0533769e+00   6.5298580e-01   4.9983487e-02  -8.6103317e-01
   2.0000000e+00  -5.9511689e-01  -8.5516699e-02  -3.1221728e-02  -2.1446329e-01   1.5248644e+00  -2.2653456e-01  -1.3407337e+00   1.7177943e-01   5.5829968e-01  -4.6555009e-01
   2.0000000e+00  -8.0070258e-01  -1.6975629e-01  -1.3072300e+00   8.8652409e-01   5.9769603e-01  -3.0122901e+00   2.7738853e-02  -1.2405949e+00   6.8453859e-01  -1.5312633e+00
   2.0000000e+00   5.0179358e-01  -1.0170805e+00   4.7729905e-01   9.6541596e-01   1.3077562e+00   1.9861018e-01   5.0100747e-01   2.1245620e-02   4.4856063e-01  -1.1615117e+00
   2.0000000e+00   1.2793947e-02  -8.1386932e-01  -8.6663206e-01  -1.1449448e-01  -1.5634554e+00  -2.9404951e-01   6.5538239e-01  -8.0735579e-01   1.6956580e+00   9.5362988e-01
   2.0000000e+00   6.5102883e-01   1.2402758e+00   1.1677908e-01  -3.8188784e-01  -1.9922000e+00  -7.9293957e-01   1.7488453e+00   6.7072487e-01   9.7867906e-01  -1.1122492e-01
   2.0000000e+00   9.3436913e-01   6.0133741e-01  -4.4809869e-01  -3.2747353e-01   1.0160051e+00   1.4439587e+00   8.8455201e-01  -4.4902604e-01   2.0617249e-02  -1.9803998e-01
   2.0000000e+00  -1.8263431e-01   2.5833388e+00  -1.1581629e+00  -1.2484925e-02   1.2003057e-01  -2.0157015e-01   2.1918949e+00   1.3825744e-01   2.7720253e-01   8.4351627e-01
   2.0000000e+00   1.0790010e+00   6.3967496e-01   1.8014284e+00  -4.3882600e-01  -8.8871845e-01  -1.0410519e+00  -4.2392770e-01   3.5961723e-01   6.0152777e-01   1.0389384e+00
   2.0000000e+00   2.9656845e-02  -4.5978140e-01   5.3582575e-01  -4.7433844e-01  -5.0759495e-01  -6.3459448e-01  -1.1523254e-01  -2.1860702e-01  -2.3626688e-01  -9.6183720e-02
   2.0000000e+00  -1.3120254e+00  -2.3730779e-01   5.2652230e-01  -8.8863210e-01  -2.0788354e+00  -4.7130103e-01   2.0378474e+00   7.5434128e-01   5.3255494e-01  -4.4443195e-01
   2.0000000e+00  -8.6060939e-01   2.5544081e+00  -4.6258493e-01  -7.0736301e-01   1.2519308e+00   6.5449243e-01   1.1331428e+00   7.2652591e-02   3.2020624e-01  -8.0969017e-01
   2.0000000e+00   1.8539888e-01  -1.8442801e-01   4.9572050e-01  -1.7834812e-01   2.5712071e-01   9.0031840e-01   1.6944501e+00   1.3176671e-01  -2.0747362e+00   9.0126183e-01
   2.0000000e+00   1.6581560e+00   4.9420532e-01  -2.2225763e+00   7.7401878e-02  -6.9187659e-01   8.6986303e-01  -7.0127667e-01   9.6199957e-01   1.0788793e-01   5.4308126e-01
   2.0000000e+00  -8.2280847e-01  -2.3436279e-01   1.2071823e+00   5.1208789e-02   1.1438714e+00   7.6235109e-01   4.4234165e-01  -2.0490172e+00  -3.8294958e-01   8.6693615e-01
   2.0000000e+00   4.2851487e-01  -1.0445466e+00   7.3914488e-01  -5.4234917e-01  -7.3765354e-01   7.0445040e-01  -5.0309013e-01   5.9138499e-02  -2.3616094e-01   1.1888182e+00
   2.0000000e+00  -1.7576655e+00   4.6675800e-01   1.0663637e+00   3.8792172e-01   5.3060828e-01   3.9981100e-01  -3.2641115e-01  -2.1152770e+00  -2.5955119e+00   2.8099835e-01
   1.0000000e+00   1.0744421e+00   9.9207709e-02   1.8923950e+00  -5.0764464e-01  -6.0019032e-01  -3.4532520e-01   9.7743074e-01  -5.6326418e-01   4.1141154e-01   8.9091506e-01
   2.0000000e+00   1.2630532e+00   9.5727009e-01   6.4101139e-01   4.7858633e-02   2.2857378e-01  -1.4684213e+00   2.0364158e+00  -1.1264107e+00  -2.5046076e-03  -1.4346117e+00
   2.0000000e+00   7.8238119e-02   1.0625784e+00  -9.4009496e-01  -2.6620353e-01   1.5757768e+00  -8.7835150e-01  -7.3796605e-01   1.0871198e-01  -4.4616375e-01  -8.7665320e-02
   2.0000000e+00  -3.6532672e-01   3.9571537e-01   1.3849641e+00   1.0687835e+00  -6.8418907e-01   2.2881607e-01   1.1933031e-01  -2.6838944e+00  -3.8639063e-01   4.3352166e-01
   2.0000000e+00   1.8012195e+00  -2.8745237e-01  -1.5182752e+00  -9.7334831e-01   1.9275059e-01  -6.3785443e-01  -6.8772104e-01  -1.3023593e+00  -1.6319495e+00  -5.3682171e-01
   2.0000000e+00   2.5383605e-01   1.0186130e+00   3.5136152e-01   7.0657303e-01   1.9467786e+00   1.0431174e-01   1.1106287e+00  -3.1071783e-01   1.1137766e+00   9.5136215e-01
   1.0000000e+00  -3.0940696e-01   4.8003794e-01  -5.9991375e-01  -6.0117209e-01  -6.9972232e-01  -7.4221674e-01   1.1383563e+00   1.3204835e+00   5.7463482e-01   7.3608007e-01
   2.0000000e+00  -1.3056511e+00  -4.2639127e-01   1.8727876e+00   1.4425993e-01   4.4902023e-01  -7.3592622e-01   3.8096333e-01  -1.3071325e+00  -1.4400774e+00  -1.2184739e+00
   2.0000000e+00   8.7724152e-02   7.9700430e-01  -1.3710953e+00   3.2558776e-01   8.5356217e-01  -3.1647874e-01   4.0885337e-01  -2.3093980e+00  -7.1322957e-01   5.1059314e-01
   2.0000000e+00  -4.3797167e-01   6.2316751e-01  -2.5265157e-01   3.5779341e-01   8.8590036e-01  -1.3210626e+00  -3.0419613e-01  -1.4821390e+00  -2.7712554e+00  -7.9732841e-01
   2.0000000e+00  -5.6850743e-01   2.1675140e+00   1.7282481e+00   2.0833717e-01   1.6891785e+00  -1.2100192e+00  -4.1551436e-01   7.7508376e-02  -4.8131743e-01   1.3113750e+00
   2.0000000e+00   8.2678660e-01  -2.1188397e+00   8.3277786e-01  -7.2902251e-01   3.4431249e-01  -1.7916718e+00   4.9940917e-01   1.5817799e-01  -1.4572193e+00  -8.0166055e-01
   2.0000000e+00  -5.9738465e-01  -2.5049684e-01  -5.0098499e-01  -5.2279616e-01  -1.2261498e+00  -4.2559729e-01  -1.2268900e+00   9.3555605e-01   2.1316524e-01  -9.3998447e-01
   2.0000000e+00   1.7634816e+00  -1.1239808e+00   2.9941951e-01  -6.8460277e-02  -6.1189434e-01   6.0380514e-01   4.1360685e-01  -1.2824323e+00  -4.2733540e-01  -1.5878315e+00
   1.0000000e+00   2.9382663e+00   2.4743768e-01  -1.8889976e+00   2.1634476e-01  -5.6187051e-01  -5.7677669e-02  -8.5949347e-03  -7.6155613e-01   5.1429199e-01   2.3503236e-01
   1.0000000e+00  -5.4721909e-01   8.0464577e-01  -4.6227393e-01  -6.4194195e-01  -1.0313628e-02  -1.2735912e-01   1.0756581e-02  -1.3521953e+00   1.7908013e+00   1.1954314e+00
   2.0000000e+00  -1.0818035e+00  -2.3472081e-01  -3.5647933e-01   2.5488259e-01  -7.3394474e-02   5.5247708e-01  -3.0547263e-01  -3.5556481e-01  -1.2561570e-01   7.5658971e-01
   2.0000000e+00  -2.8685746e-01   8.0209261e-01  -1.6343700e-01   6.2839268e-01  -6.9634657e-01  -4.9790828e-01  -1.0119135e+00  -7.9831663e-01   3.2476996e-02  -1.0078898e-01
   2.0000000e+00   6.6959371e-01   8.7459671e-01   1.4238525e+00   2.2058084e+00  -9.3168711e-01   6.0663463e-01  -5.8726146e-01  -9.0477725e-01   5.5616769e-01  -7.2579792e-01
   1.0000000e+00   7.8582400e-01   2.7889472e-01   7.5282278e-01   2.4996853e-01  -2.0422299e+00  -6.1901354e-01   4.8374744e-01   7.6676400e-01   4.6746363e-01  -1.8474704e-01
   1.0000000e+00  -1.1189823e-02   2.3341561e-01  -2.8282012e-01   1.2212302e+00   8.9773482e-01  -4.7071517e-01   5.5751453e-01   2.0681642e-02   5.7300552e-01  -1.3911512e-01
   2.0000000e+00  -4.9232258e-02   9.9091400e-01   6.1348344e-01   1.4545142e-01   1.4934089e+00   1.0344256e+00  -1.0788264e+00   3.6027400e-01   3.5950102e-01   4.5967779e-01
   2.0000000e+00  -1.9348732e+00   1.6814217e+00   2.1914872e+00   1.7801061e+00   2.7891984e-02   1.0284695e+00  -1.9555226e+00   2.2859768e+00  -1.1643038e+00   9.3376531e-02
   1.0000000e+00   6.6178982e-01   9.3903467e-02  -7.5735859e-01  -1.7133008e+00   7.3358774e-01   8.7687433e-01  -1.2841101e+00  -7.1687077e-03   1.1972244e-01   2.1350518e-01
   2.0000000e+00   7.6848961e-02  -1.4340473e+00  -2.2645938e-01   1.5701640e+00   5.1362858e-01  -2.6377631e-01   4.6859674e-02  -2.0644532e-01   6.0048806e-02   1.5495011e+00
   2.0000000e+00  -1.0840050e+00   1.5692328e+00  -3.3369816e+00  -7.8209725e-01  -4.6755484e-01   4.7162963e-01  -2.7549415e-01  -2.1939429e-01  -1.6197712e+00  -1.0494639e+00
   2.0000000e+00   1.1937851e+00   1.1310371e+00  -4.6105935e-02   2.4627173e-01   4.8195691e-02  -1.1329735e+00   6.9506901e-01   1.2545804e+00  -2.6912636e-01   3.1441025e-01
   2.0000000e+00  -9.9711511e-01   2.0565617e-01   2.2326795e-01   1.6103379e+00  -1.9670113e-01   1.8048388e+00  -1.2908910e-01   1.5626129e-01   7.0249414e-01  -6.7701496e-01
   2.0000000e+00  -2.0928793e+00  -3.9817342e-01  -3.1473104e-01  -4.5521347e-01  -1.1311446e+00  -3.3251976e-01   1.0195554e+00   5.1587624e-01   1.2235297e+00  -1.6387258e+00
   2.0000000e+00  -1.4971083e+00   2.5782720e-02  -2.2068904e+00   1.4654951e+00  -9.2436211e-01   1.5720468e+00  -4.4552886e-01  -2.8444962e-01  -9.5376986e-01  -4.9552994e-01
   2.0000000e+00   4.5983485e-01  -8.6053722e-01   9.8207886e-01   1.2629460e+00   1.0645333e+00   1.9281785e+00  -9.6293872e-01  -1.4290026e+00  -6.1916530e-01   1.8030480e-01
   2.0000000e+00   6.5960044e-02  -5.1244041e-01   1.5257600e-01  -3.2909831e-01  -1.2374889e+00   6.5326216e-01   8.8896676e-01  -4.9393201e-01   1.4883036e+00   3.4101247e-01
   2.0000000e+00  -1.0965467e+00  -1.4956073e+00  -2.2399535e-01  -9.5151600e-01  -4.7538718e-01  -1.2440218e+00  -3.2573321e-02  -8.2434666e-01  -4.1736239e-01   8.4926123e-01
   2.0000000e+00   1.1525905e+00  -4.5317111e-01   1.4800728e-01  -1.7198327e-01   1.9441585e-01   2.0161037e+00  -6.0509393e-01  -2.0290734e+00   5.8171382e-02   3.1077532e-01
   1.0000000e+00  -6.3549068e-01   5.7238388e-01   6.6941641e-01  -2.5410255e-01  -3.0229436e-01   3.2696172e-01  -5.8636029e-01   4.4282775e-01  -1.9831134e-01   5.4809655e-01
   2.0000000e+00   5.8846379e-01   4.3621438e-01  -5.3344106e-01   7.2604768e-01  -1.1748188e+00  -2.6613170e+00   8.5950366e-01  -1.7010833e-01   7.1167023e-01   6.0434326e-01
   2.0000000e+00  -3.6631086e-01  -8.9523784e-01   4.6702664e-01   1.3350093e+00   3.6600065e-01   5.7586309e-01   6.1509681e-01   1.2905022e-01   4.0399005e-01  -1.0928429e+00
   2.0000000e+00  -8.6192692e-01  -1.1317971e+00  -1.1598307e+00   4.1078941e-01   9.6433950e-04  -3.1985222e-01   1.0214065e+00  -1.7601354e+00  -8.4173794e-01  -1.8501789e+00
   2.0000000e+00   7.0263958e-01   1.7586825e+00   2.0620610e+00  -3.4401681e-01  -1.1537632e+00  -1.1020134e+00  -5.4709439e-01  -2.2082424e+00   1.1959743e+00  -1.5635952e+00
   2.0000000e+00   4.3014307e-01  -6.5062681e-01  -6.4518391e-01  -5.9173128e-01   2.4262813e+00  -7.4773305e-01   3.3131873e-01  -9.4269708e-02  -8.0551628e-01   1.0277424e+00
   2.0000000e+00  -7.1139622e-02   9.5959044e-01   7.2434466e-01   6.5664842e-01   7.4304274e-01   3.0865115e-01  -1.7037629e+00  -2.1333555e+00   4.4668237e-02  -1.9261705e+00
   2.0000000e+00   5.6517308e-01  -4.8950398e-01  -4.5915225e-01  -1.1986837e-01   8.6145547e-01  -1.8949319e-01  -2.1540603e-01  -6.3826308e-01   6.5643574e-01  -9.6119277e-01
   2.0000000e+00   8.8909223e-01  -3.0732220e-01  -1.5715186e+00  -1.0064845e-01  -1.8150007e-01   1.2265021e+00  -6.5070201e-01  -1.4642824e+00   6.5495450e-01  -8.7852558e-01
   1.0000000e+00   3.8014295e-01   3.7939611e-02  -8.0131575e-01   2.9942864e-01  -5.1781507e-01   5.3302830e-01  -1.5111719e+00   1.7844973e+00   3.6732213e-01   3.4156080e-01
   2.0000000e+00   2.7907231e+00   1.3317362e+00  -7.6893524e-01  -2.5228241e-01   6.2761916e-01   8.1164111e-01  -1.3054874e+00   2.5923833e+00  -4.8762822e-01   3.2752401e-01
   1.0000000e+00  -1.5972574e+00   6.4044492e-02   8.2592384e-01   4.3449073e-01   1.5718058e+00   6.8436826e-01   8.5293811e-02   9.5879668e-01  -9.2437204e-01  -7.2923223e-01
   2.0000000e+00   1.0536677e+00   4.0828247e-01  -1.2355033e+00   4.4386564e-03  -4.5109558e-01  -1.3371764e+00   3.4570415e-01  -1.0328427e+00  -9.0060416e-01  -8.2436248e-01
   2.0000000e+00   1.7606734e+00   1.9873258e+00   4.5113474e-01  -1.2915158e+00   1.0243557e-01  -3.3916176e-03  -1.9536046e+00   2.2102880e+00   1.3595201e+00  -8.5161724e-01
   2.0000000e+00   3.6561501e+00   5.7069004e-02  -6.2422894e-01  -7.4519549e-01  -1.9432067e-01   1.0084411e+00   1.2811537e+00   3.7579922e-01  -8.2571424e-01  -1.4665079e+00
   2.0000000e+00  -6.6996084e-01   2.1291661e+00   1.8129937e+00  -1.5031935e+00  -1.3138432e+00   2.1057211e+00  -1.2381623e+00   4.8506639e-01   3.5216248e-01  -5.6035248e-01
   2.0000000e+00   4.9957370e-01  -4.5625835e-01  -1.6755633e+00  -1.1596786e-01   6.7538106e-02   1.3535170e+00  -3.6454438e-01   6.5567728e-01   1.4991247e-01  -5.1601449e-01
   2.0000000e+00   3.4459080e-01  -1.2039099e+00  -1.8739216e+00  -9.3189581e-01   4.9126850e-01   1.7997315e+00   9.3129042e-01  -2.1639491e-01   1.6876868e+00   5.1772026e-01
   1.0000000e+00   3.1828441e-01   6.7047915e-02  -1.1988499e+00  -3.5106166e-01  -6.1240076e-01  -2.1374337e-01  -6.0008662e-01   5.6906639e-01  -5.5908449e-01   5.2562467e-01
   2.0000000e+00  -1.7449791e-01   7.3468801e-01   2.2859415e+00   1.3617317e+00   7.3446163e-01  -9.0079142e-01   8.7462801e-01   1.6098714e-01   1.2625434e+00   8.7879300e-01
   2.0000000e+00  -1.4466157e+00   2.4709322e-01  -1.7861198e+00  -7.6078944e-01  -3.9178954e-01  -1.1262960e+00  -7.0839028e-01   9.8365090e-01  -1.1240480e+00  -2.8043738e-01
   2.0000000e+00  -2.6922302e-02  -8.3524929e-02  -6.3737026e-01   8.2441403e-01   1.6062660e-01  -8.7870473e-02  -3.2008035e-02  -1.0797120e+00  -6.2088354e-01   5.7688126e-01
   2.0000000e+00  -2.3364322e+00   6.0029768e-01  -3.4526855e-01  -4.2107330e-01  -2.0289576e-01  -1.4020073e+00  -6.3788980e-01  -2.4289738e-01  -1.2377982e-01  -6.6723683e-01
   2.0000000e+00   3.5441995e-01  -7.1453069e-02   7.6205303e-01   3.6577362e-01   1.1832904e+00   3.7069806e-01   4.9765889e-02   1.4816642e+00   6.6033079e-02   1.4117152e+00
   2.0000000e+00   1.2231991e+00   1.7239021e+00  -5.5300109e-01  -6.2632829e-01  -3.3789719e-01   1.6396992e+00   2.6890250e-01   1.3336345e+00  -3.7049526e-01  -1.7065261e-01
   2.0000000e+00   1.0265304e-02  -7.4785489e-03   4.7130767e-02   5.3941492e-01   1.1492370e-01  -1.4147194e+00  -2.6990582e-01   1.0724989e-01   1.8040762e-01   2.3160880e+00
   1.0000000e+00   1.1370112e+00   3.2737544e-01   1.9170514e+00   1.7335064e+00  -3.8837379e-01  -8.6981395e-02  -4.6823423e-01  -1.2648156e+00  -4.1040938e-02  -1.0614087e+00
   1.0000000e+00  -5.8591004e-01   7.7825277e-01  -1.6385433e-01   1.8208343e+00  -1.3425288e-01  -4.1111037e-01   3.0531535e-01  -3.6243830e-01  -2.2881907e-01   8.9949641e-02
   1.0000000e+00   9.2666311e-01   3.4127608e-01   5.3364204e-01  -7.0156902e-01  -3.6917426e-01  -7.3692666e-01  -3.9740446e-02   7.3422078e-01  -1.1559353e+00   2.0460593e+00
   1.0000000e+00   4.3806749e-01   3.9598018e-01  -6.0017064e-01  -6.0460579e-01   1.2220969e+00   5.8840093e-01   1.9717912e+00   4.3185474e-01  -9.2819142e-01   8.2669224e-02
   2.0000000e+00  -4.5286260e-02  -1.1944990e+00  -1.2590709e+00   1.0447309e+00   1.9608679e-01  -1.0418779e+00  -5.7489591e-01  -4.9256504e-01  -1.1028491e+00   5.2869099e-01
